   4.9997507e-01   1.2700970e+00
   4.9992145e-01   1.0269017e+00
   4.9985977e-01   9.0981492e-01
   4.9978883e-01   8.3522943e-01
   4.9970723e-01   7.7942044e-01
   4.9961340e-01   7.3393688e-01
   4.9950550e-01   6.9491352e-01
   4.9938146e-01   6.6027994e-01
   4.9923887e-01   6.2879622e-01
   4.9907499e-01   5.9965812e-01
   4.9888669e-01   5.7231193e-01
   4.9867038e-01   5.4635808e-01
   4.9842197e-01   5.2149679e-01
   4.9813678e-01   4.9749555e-01
   4.9780950e-01   4.7416860e-01
   4.9743408e-01   4.5136363e-01
   4.9700364e-01   4.2895274e-01
   4.9651041e-01   4.0682629e-01
   4.9594561e-01   3.8488870e-01
   4.9529932e-01   3.6305557e-01
   4.9456042e-01   3.4125212e-01
   4.9371648e-01   3.1941257e-01
   4.9275364e-01   2.9748071e-01
   4.9165655e-01   2.7541170e-01
   4.9040831e-01   2.5317510e-01
   4.8899044e-01   2.3075929e-01
   4.8738291e-01   2.0817692e-01
   4.8556425e-01   1.8547094e-01
   4.8351166e-01   1.6272030e-01
   4.8120136e-01   1.4004411e-01
   4.7860891e-01   1.1760276e-01
   4.7570982e-01   9.5594899e-02
   4.7248024e-01   7.4249376e-02
   4.6889781e-01   5.3812322e-02
   4.6494275e-01   3.4530634e-02
   4.6059902e-01   1.6633871e-02
   4.5585571e-01   3.1717290e-04
   4.5070835e-01  -1.4272459e-02
   4.4516027e-01  -2.7044871e-02
   4.3922381e-01  -3.7969859e-02
   4.3292120e-01  -4.7075034e-02
   4.2628511e-01  -5.4439459e-02
   4.1935856e-01  -6.0184324e-02
   4.1219434e-01  -6.4462048e-02
   4.0485369e-01  -6.7442068e-02
   3.9740439e-01  -6.9295705e-02
   3.8991224e-01  -7.0228460e-02
   3.8241393e-01  -7.0452539e-02
   3.7491562e-01  -7.0091814e-02
   3.6741730e-01  -6.9253525e-02
   3.5991899e-01  -6.8029846e-02
   3.5242068e-01  -6.6495844e-02
   3.4492237e-01  -6.4712749e-02
   3.3742405e-01  -6.2730641e-02
   3.2992574e-01  -6.0590586e-02
   3.2242743e-01  -5.8326324e-02
   3.1492911e-01  -5.5965604e-02
   3.0743080e-01  -5.3531257e-02
   2.9993249e-01  -5.1042052e-02
   2.9243418e-01  -4.8513395e-02
   2.8493586e-01  -4.5957897e-02
   2.7743755e-01  -4.3385838e-02
   2.6993924e-01  -4.0805548e-02
   2.6244093e-01  -3.8223731e-02
   2.5494261e-01  -3.5645718e-02
   2.4744430e-01  -3.3075693e-02
   2.3994599e-01  -3.0516872e-02
   2.3244768e-01  -2.7971659e-02
   2.2494936e-01  -2.5441771e-02
   2.1745105e-01  -2.2928348e-02
   2.0995274e-01  -2.0432041e-02
   2.0245443e-01  -1.7953091e-02
   1.9495611e-01  -1.5491392e-02
   1.8745780e-01  -1.3046544e-02
   1.7995949e-01  -1.0617899e-02
   1.7246117e-01  -8.2045995e-03
   1.6496286e-01  -5.8056090e-03
   1.5746455e-01  -3.4197396e-03
   1.4996624e-01  -1.0456733e-03
   1.4246792e-01   1.3180193e-03
   1.3496961e-01   3.6728643e-03
   1.2747130e-01   6.0204731e-03
   1.1997299e-01   8.3625321e-03
   1.1247467e-01   1.0700796e-02
   1.0497636e-01   1.3037082e-02
   9.7478048e-02   1.5373267e-02
   8.9979736e-02   1.7711284e-02
   8.2481423e-02   2.0053123e-02
   7.4983110e-02   2.2400829e-02
   6.7484798e-02   2.4756507e-02
   5.9986485e-02   2.7122321e-02
   5.2488173e-02   2.9500500e-02
   4.4989860e-02   3.1893343e-02
   3.7491547e-02   3.4303222e-02
   2.9993235e-02   3.6732590e-02
   2.2494922e-02   3.9183991e-02
   1.4996609e-02   4.1660063e-02
   7.4982967e-03   4.4163552e-02
  -1.5895382e-08   4.6697321e-02
  -7.4983285e-03   4.9264359e-02
  -1.4996641e-02   5.1867797e-02
  -2.2494954e-02   5.4510920e-02
  -2.9993266e-02   5.7197178e-02
  -3.7491579e-02   5.9930207e-02
  -4.4989892e-02   6.2713841e-02
  -5.2488204e-02   6.5552130e-02
  -5.9986517e-02   6.8449360e-02
  -6.7484830e-02   7.1410070e-02
  -7.4983142e-02   7.4439076e-02
  -8.2481455e-02   7.7541484e-02
  -8.9979768e-02   8.0722723e-02
  -9.7478080e-02   8.3988559e-02
  -1.0497639e-01   8.7345123e-02
  -1.1247471e-01   9.0798936e-02
  -1.1997302e-01   9.4356935e-02
  -1.2747133e-01   9.8026501e-02
  -1.3496964e-01   1.0181549e-01
  -1.4246796e-01   1.0573228e-01
  -1.4996627e-01   1.0978576e-01
  -1.5746458e-01   1.1398546e-01
  -1.6496289e-01   1.1834152e-01
  -1.7246121e-01   1.2286477e-01
  -1.7995952e-01   1.2756684e-01
  -1.8745783e-01   1.3246018e-01
  -1.9495614e-01   1.3755821e-01
  -2.0245446e-01   1.4287545e-01
  -2.0995277e-01   1.4842761e-01
  -2.1745108e-01   1.5423186e-01
  -2.2494939e-01   1.6030699e-01
  -2.3244771e-01   1.6667374e-01
  -2.3994602e-01   1.7335509e-01
  -2.4744433e-01   1.8037672e-01
  -2.5494265e-01   1.8776751e-01
  -2.6244096e-01   1.9556011e-01
  -2.6993927e-01   2.0379173e-01
  -2.7743758e-01   2.1250504e-01
  -2.8493590e-01   2.2174925e-01
  -2.9243421e-01   2.3158151e-01
  -2.9993252e-01   2.4206852e-01
  -3.0743083e-01   2.5328861e-01
  -3.1492915e-01   2.6533426e-01
  -3.2242746e-01   2.7831529e-01
  -3.2992577e-01   2.9236288e-01
  -3.3742408e-01   3.0763466e-01
  -3.4492240e-01   3.2432130e-01
  -3.5242071e-01   3.4265515e-01
  -3.5991902e-01   3.6292160e-01
  -3.6741734e-01   3.8547448e-01
  -3.7491565e-01   4.1075724e-01
  -3.8241396e-01   4.3933304e-01
  -3.8991227e-01   4.7191940e-01
  -3.9740442e-01   5.0938984e-01
  -4.0485372e-01   5.5273266e-01
  -4.1219438e-01   6.0296802e-01
  -4.1935860e-01   6.6125364e-01
  -4.2628514e-01   7.2894135e-01
  -4.3292123e-01   8.0760750e-01
  -4.3922384e-01   8.9909239e-01
  -4.4516030e-01   1.0055486e+00
  -4.5070838e-01   1.1295001e+00
  -4.5585574e-01   1.2739125e+00
  -4.6059905e-01   1.4422751e+00
  -4.6494277e-01   1.6386918e+00
  -4.6889784e-01   1.8679739e+00
  -4.7248026e-01   2.1357235e+00
  -4.7570984e-01   2.4483762e+00
  -4.7860893e-01   2.8131549e+00
  -4.8120137e-01   3.2378447e+00
  -4.8351168e-01   3.7302511e+00
  -4.8556427e-01   4.2971515e+00
  -4.8738293e-01   4.9425149e+00
  -4.8899045e-01   5.6648024e+00
  -4.9040832e-01   6.4533116e+00
  -4.9165656e-01   7.2838357e+00
  -4.9275365e-01   8.1143192e+00
  -4.9371649e-01   8.8815336e+00
  -4.9456043e-01   9.4998048e+00
  -4.9529932e-01   9.8622901e+00
  -4.9594561e-01   9.8442720e+00
  -4.9651042e-01   9.3067974e+00
  -4.9700365e-01   8.0982561e+00
  -4.9743408e-01   6.0514550e+00
  -4.9780951e-01   2.9742062e+00
  -4.9813679e-01  -1.3681706e+00
  -4.9842197e-01  -7.2804322e+00
  -4.9867038e-01  -1.5178920e+01
  -4.9888669e-01  -2.5654936e+01
  -4.9907499e-01  -3.9576030e+01
  -4.9923887e-01  -5.8257720e+01
  -4.9938146e-01  -8.3774197e+01
  -4.9950550e-01  -1.1956322e+02
  -4.9961340e-01  -1.7171208e+02
  -4.9970723e-01  -2.5201913e+02
  -4.9978883e-01  -3.8649558e+02
  -4.9985977e-01  -6.4477195e+02
  -4.9992145e-01  -1.2878995e+03
  -4.9997507e-01  -3.9889817e+03
