   4.9997507e-01   2.8226865e+00
   4.9992145e-01   2.2235539e+00
   4.9985977e-01   1.9325116e+00
   4.9978883e-01   1.7451533e+00
   4.9970723e-01   1.6033818e+00
   4.9961340e-01   1.4863787e+00
   4.9950550e-01   1.3845854e+00
   4.9938146e-01   1.2928581e+00
   4.9923887e-01   1.2080929e+00
   4.9907499e-01   1.1282548e+00
   4.9888669e-01   1.0519239e+00
   4.9867038e-01   9.7806257e-01
   4.9842197e-01   9.0588698e-01
   4.9813678e-01   8.3479628e-01
   4.9780950e-01   7.6433494e-01
   4.9743408e-01   6.9417714e-01
   4.9700364e-01   6.2412629e-01
   4.9651041e-01   5.5412447e-01
   4.9594561e-01   4.8426651e-01
   4.9529932e-01   4.1481287e-01
   4.9456042e-01   3.4619436e-01
   4.9371648e-01   2.7900219e-01
   4.9275364e-01   2.1395838e-01
   4.9165655e-01   1.5186541e-01
   4.9040831e-01   9.3539102e-02
   4.8899044e-01   3.9734073e-02
   4.8738291e-01  -8.9257758e-03
   4.8556425e-01  -5.1999206e-02
   4.8351166e-01  -8.9253810e-02
   4.8120136e-01  -1.2066463e-01
   4.7860891e-01  -1.4638997e-01
   4.7570982e-01  -1.6673313e-01
   4.7248024e-01  -1.8209984e-01
   4.6889781e-01  -1.9295883e-01
   4.6494275e-01  -1.9981006e-01
   4.6059902e-01  -2.0316165e-01
   4.5585571e-01  -2.0351493e-01
   4.5070835e-01  -2.0135425e-01
   4.4516027e-01  -1.9714167e-01
   4.3922381e-01  -1.9130970e-01
   4.3292120e-01  -1.8426110e-01
   4.2628511e-01  -1.7635545e-01
   4.1935856e-01  -1.6792118e-01
   4.1219434e-01  -1.5922313e-01
   4.0485369e-01  -1.5051066e-01
   3.9740439e-01  -1.4193051e-01
   3.8991224e-01  -1.3365488e-01
   3.8241393e-01  -1.2578598e-01
   3.7491562e-01  -1.1830839e-01
   3.6741730e-01  -1.1120360e-01
   3.5991899e-01  -1.0445596e-01
   3.5242068e-01  -9.8047683e-02
   3.4492237e-01  -9.1959693e-02
   3.3742405e-01  -8.6172387e-02
   3.2992574e-01  -8.0666257e-02
   3.2242743e-01  -7.5422285e-02
   3.1492911e-01  -7.0422204e-02
   3.0743080e-01  -6.5648647e-02
   2.9993249e-01  -6.1085222e-02
   2.9243418e-01  -5.6716535e-02
   2.8493586e-01  -5.2528187e-02
   2.7743755e-01  -4.8506734e-02
   2.6993924e-01  -4.4639651e-02
   2.6244093e-01  -4.0915276e-02
   2.5494261e-01  -3.7322756e-02
   2.4744430e-01  -3.3851989e-02
   2.3994599e-01  -3.0493571e-02
   2.3244768e-01  -2.7238739e-02
   2.2494936e-01  -2.4079321e-02
   2.1745105e-01  -2.1007688e-02
   2.0995274e-01  -1.8016709e-02
   2.0245443e-01  -1.5099708e-02
   1.9495611e-01  -1.2250422e-02
   1.8745780e-01  -9.4629718e-03
   1.7995949e-01  -6.7318212e-03
   1.7246117e-01  -4.0517505e-03
   1.6496286e-01  -1.4178261e-03
   1.5746455e-01   1.1746252e-03
   1.4996624e-01   3.7300408e-03
   1.4246792e-01   6.2526446e-03
   1.3496961e-01   8.7464684e-03
   1.2747130e-01   1.1215371e-02
   1.1997299e-01   1.3663055e-02
   1.1247467e-01   1.6093088e-02
   1.0497636e-01   1.8508913e-02
   9.7478048e-02   2.0913867e-02
   8.9979736e-02   2.3311193e-02
   8.2481423e-02   2.5704057e-02
   7.4983110e-02   2.8095555e-02
   6.7484798e-02   3.0488731e-02
   5.9986485e-02   3.2886588e-02
   5.2488173e-02   3.5292097e-02
   4.4989860e-02   3.7708210e-02
   3.7491547e-02   4.0137873e-02
   2.9993235e-02   4.2584034e-02
   2.2494922e-02   4.5049660e-02
   1.4996609e-02   4.7537741e-02
   7.4982967e-03   5.0051309e-02
  -1.5895382e-08   5.2593446e-02
  -7.4983285e-03   5.5167298e-02
  -1.4996641e-02   5.7776087e-02
  -2.2494954e-02   6.0423127e-02
  -2.9993266e-02   6.3111837e-02
  -3.7491579e-02   6.5845757e-02
  -4.4989892e-02   6.8628566e-02
  -5.2488204e-02   7.1464095e-02
  -5.9986517e-02   7.4356353e-02
  -6.7484830e-02   7.7309543e-02
  -7.4983142e-02   8.0328088e-02
  -8.2481455e-02   8.3416653e-02
  -8.9979768e-02   8.6580174e-02
  -9.7478080e-02   8.9823888e-02
  -1.0497639e-01   9.3153367e-02
  -1.1247471e-01   9.6574553e-02
  -1.1997302e-01   1.0009380e-01
  -1.2747133e-01   1.0371793e-01
  -1.3496964e-01   1.0745425e-01
  -1.4246796e-01   1.1131067e-01
  -1.4996627e-01   1.1529570e-01
  -1.5746458e-01   1.1941857e-01
  -1.6496289e-01   1.2368931e-01
  -1.7246121e-01   1.2811882e-01
  -1.7995952e-01   1.3271899e-01
  -1.8745783e-01   1.3750284e-01
  -1.9495614e-01   1.4248463e-01
  -2.0245446e-01   1.4768007e-01
  -2.0995277e-01   1.5310647e-01
  -2.1745108e-01   1.5878295e-01
  -2.2494939e-01   1.6473077e-01
  -2.3244771e-01   1.7097354e-01
  -2.3994602e-01   1.7753764e-01
  -2.4744433e-01   1.8445263e-01
  -2.5494265e-01   1.9175172e-01
  -2.6244096e-01   1.9947242e-01
  -2.6993927e-01   2.0765722e-01
  -2.7743758e-01   2.1635451e-01
  -2.8493590e-01   2.2561962e-01
  -2.9243421e-01   2.3551619e-01
  -2.9993252e-01   2.4611782e-01
  -3.0743083e-01   2.5751014e-01
  -3.1492915e-01   2.6979347e-01
  -3.2242746e-01   2.8308624e-01
  -3.2992577e-01   2.9752938e-01
  -3.3742408e-01   3.1329203e-01
  -3.4492240e-01   3.3057897e-01
  -3.5242071e-01   3.4964038e-01
  -3.5991902e-01   3.7078447e-01
  -3.6741734e-01   3.9439379e-01
  -3.7491565e-01   4.2094621e-01
  -3.8241396e-01   4.5104219e-01
  -3.8991227e-01   4.8543879e-01
  -3.9740442e-01   5.2504793e-01
  -4.0485372e-01   5.7082167e-01
  -4.1219438e-01   6.2363220e-01
  -4.1935860e-01   6.8435067e-01
  -4.2628514e-01   7.5390345e-01
  -4.3292123e-01   8.3335259e-01
  -4.3922384e-01   9.2402840e-01
  -4.4516030e-01   1.0276770e+00
  -4.5070838e-01   1.1465797e+00
  -4.5585574e-01   1.2836217e+00
  -4.6059905e-01   1.4423207e+00
  -4.6494277e-01   1.6268391e+00
  -4.6889784e-01   1.8420081e+00
  -4.7248026e-01   2.0933808e+00
  -4.7570984e-01   2.3873305e+00
  -4.7860893e-01   2.7312079e+00
  -4.8120137e-01   3.1335705e+00
  -4.8351168e-01   3.6044941e+00
  -4.8556427e-01   4.1559682e+00
  -4.8738293e-01   4.8023785e+00
  -4.8899045e-01   5.5610814e+00
  -4.9040832e-01   6.4530837e+00
  -4.9165656e-01   7.5038489e+00
  -4.9275365e-01   8.7442384e+00
  -4.9371649e-01   1.0211564e+01
  -4.9456043e-01   1.1950609e+01
  -4.9529932e-01   1.4014248e+01
  -4.9594561e-01   1.6462823e+01
  -4.9651042e-01   1.9360607e+01
  -4.9700365e-01   2.2766517e+01
  -4.9743408e-01   2.6714877e+01
  -4.9780951e-01   3.1181335e+01
  -4.9813679e-01   3.6030680e+01
  -4.9842197e-01   4.0948644e+01
  -4.9867038e-01   4.5368415e+01
  -4.9888669e-01   4.8408410e+01
  -4.9907499e-01   4.8829640e+01
  -4.9923887e-01   4.4988773e+01
  -4.9938146e-01   3.4704323e+01
  -4.9950550e-01   1.4861286e+01
  -4.9961340e-01  -1.9613620e+01
  -4.9970723e-01  -7.8365832e+01
  -4.9978883e-01  -1.8303038e+02
  -4.9985977e-01  -3.9332010e+02
  -4.9992145e-01  -9.4186570e+02
  -4.9997507e-01  -3.3996803e+03
