   4.9997507e-01   1.3657868e+00
   4.9992145e-01   1.1242748e+00
   4.9985977e-01   9.8841856e-01
   4.9978883e-01   9.0572430e-01
   4.9970723e-01   8.4619954e-01
   4.9961340e-01   7.9859255e-01
   4.9950550e-01   7.5813733e-01
   4.9938146e-01   7.2246400e-01
   4.9923887e-01   6.9021126e-01
   4.9907499e-01   6.6051443e-01
   4.9888669e-01   6.3278577e-01
   4.9867038e-01   6.0660535e-01
   4.9842197e-01   5.8166091e-01
   4.9813678e-01   5.5771231e-01
   4.9780950e-01   5.3456933e-01
   4.9743408e-01   5.1207710e-01
   4.9700364e-01   4.9010639e-01
   4.9651041e-01   4.6854676e-01
   4.9594561e-01   4.4730174e-01
   4.9529932e-01   4.2628536e-01
   4.9456042e-01   4.0541968e-01
   4.9371648e-01   3.8463308e-01
   4.9275364e-01   3.6385927e-01
   4.9165655e-01   3.4303699e-01
   4.9040831e-01   3.2211055e-01
   4.8899044e-01   3.0103124e-01
   4.8738291e-01   2.7975991e-01
   4.8556425e-01   2.5827065e-01
   4.8351166e-01   2.3655567e-01
   4.8120136e-01   2.1463108e-01
   4.7860891e-01   1.9254299e-01
   4.7570982e-01   1.7037300e-01
   4.7248024e-01   1.4824198e-01
   4.6889781e-01   1.2631083e-01
   4.6494275e-01   1.0477712e-01
   4.6059902e-01   8.3867014e-02
   4.5585571e-01   6.3822756e-02
   4.5070835e-01   4.4886688e-02
   4.4516027e-01   2.7283778e-02
   4.3922381e-01   1.1204870e-02
   4.3292120e-01  -3.2071010e-03
   4.2628511e-01  -1.5866184e-02
   4.1935856e-01  -2.6746808e-02
   4.1219434e-01  -3.5881216e-02
   4.0485369e-01  -4.3351036e-02
   3.9740439e-01  -4.9275590e-02
   3.8991224e-01  -5.3832270e-02
   3.8241393e-01  -5.7256693e-02
   3.7491562e-01  -5.9703192e-02
   3.6741730e-01  -6.1314537e-02
   3.5991899e-01  -6.2218334e-02
   3.5242068e-01  -6.2522858e-02
   3.4492237e-01  -6.2320098e-02
   3.3742405e-01  -6.1688375e-02
   3.2992574e-01  -6.0694493e-02
   3.2242743e-01  -5.9395523e-02
   3.1492911e-01  -5.7840268e-02
   3.0743080e-01  -5.6070487e-02
   2.9993249e-01  -5.4121921e-02
   2.9243418e-01  -5.2025153e-02
   2.8493586e-01  -4.9806333e-02
   2.7743755e-01  -4.7487804e-02
   2.6993924e-01  -4.5088621e-02
   2.6244093e-01  -4.2625005e-02
   2.5494261e-01  -4.0110729e-02
   2.4744430e-01  -3.7557445e-02
   2.3994599e-01  -3.4974976e-02
   2.3244768e-01  -3.2371554e-02
   2.2494936e-01  -2.9754034e-02
   2.1745105e-01  -2.7128081e-02
   2.0995274e-01  -2.4498321e-02
   2.0245443e-01  -2.1868484e-02
   1.9495611e-01  -1.9241514e-02
   1.8745780e-01  -1.6619681e-02
   1.7995949e-01  -1.4004662e-02
   1.7246117e-01  -1.1397617e-02
   1.6496286e-01  -8.7992598e-03
   1.5746455e-01  -6.2099106e-03
   1.4996624e-01  -3.6295454e-03
   1.4246792e-01  -1.0578390e-03
   1.3496961e-01   1.5058008e-03
   1.2747130e-01   4.0622014e-03
   1.1997299e-01   6.6124003e-03
   1.1247467e-01   9.1576230e-03
   1.0497636e-01   1.1699265e-02
   9.7478048e-02   1.4238878e-02
   8.9979736e-02   1.6778154e-02
   8.2481423e-02   1.9318921e-02
   7.4983110e-02   2.1863133e-02
   6.7484798e-02   2.4412862e-02
   5.9986485e-02   2.6970302e-02
   5.2488173e-02   2.9537758e-02
   4.4989860e-02   3.2117654e-02
   3.7491547e-02   3.4712530e-02
   2.9993235e-02   3.7325044e-02
   2.2494922e-02   3.9957979e-02
   1.4996609e-02   4.2614245e-02
   7.4982967e-03   4.5296885e-02
  -1.5895382e-08   4.8009086e-02
  -7.4983285e-03   5.0754184e-02
  -1.4996641e-02   5.3535671e-02
  -2.2494954e-02   5.6357209e-02
  -2.9993266e-02   5.9222642e-02
  -3.7491579e-02   6.2136004e-02
  -4.4989892e-02   6.5101534e-02
  -5.2488204e-02   6.8123691e-02
  -5.9986517e-02   7.1207170e-02
  -6.7484830e-02   7.4356914e-02
  -7.4983142e-02   7.7578141e-02
  -8.2481455e-02   8.0876354e-02
  -8.9979768e-02   8.4257369e-02
  -9.7478080e-02   8.7727336e-02
  -1.0497639e-01   9.1292766e-02
  -1.1247471e-01   9.4960559e-02
  -1.1997302e-01   9.8738040e-02
  -1.2747133e-01   1.0263299e-01
  -1.3496964e-01   1.0665369e-01
  -1.4246796e-01   1.1080897e-01
  -1.4996627e-01   1.1510828e-01
  -1.5746458e-01   1.1956171e-01
  -1.6496289e-01   1.2418012e-01
  -1.7246121e-01   1.2897518e-01
  -1.7995952e-01   1.3395950e-01
  -1.8745783e-01   1.3914674e-01
  -1.9495614e-01   1.4455176e-01
  -2.0245446e-01   1.5019077e-01
  -2.0995277e-01   1.5608154e-01
  -2.1745108e-01   1.6224365e-01
  -2.2494939e-01   1.6869873e-01
  -2.3244771e-01   1.7547082e-01
  -2.3994602e-01   1.8258676e-01
  -2.4744433e-01   1.9007665e-01
  -2.5494265e-01   1.9797444e-01
  -2.6244096e-01   2.0631858e-01
  -2.6993927e-01   2.1515284e-01
  -2.7743758e-01   2.2452732e-01
  -2.8493590e-01   2.3449963e-01
  -2.9243421e-01   2.4513636e-01
  -2.9993252e-01   2.5651490e-01
  -3.0743083e-01   2.6872565e-01
  -3.1492915e-01   2.8187481e-01
  -3.2242746e-01   2.9608789e-01
  -3.2992577e-01   3.1151411e-01
  -3.3742408e-01   3.2833211e-01
  -3.4492240e-01   3.4675728e-01
  -3.5242071e-01   3.6705145e-01
  -3.5991902e-01   3.8953568e-01
  -3.6741734e-01   4.1460773e-01
  -3.7491565e-01   4.4276592e-01
  -3.8241396e-01   4.7464274e-01
  -3.8991227e-01   5.1104145e-01
  -3.9740442e-01   5.5293678e-01
  -4.0485372e-01   6.0144629e-01
  -4.1219438e-01   6.5772327e-01
  -4.1935860e-01   7.2307993e-01
  -4.2628514e-01   7.9905371e-01
  -4.3292123e-01   8.8744156e-01
  -4.3922384e-01   9.9034287e-01
  -4.4516030e-01   1.1102083e+00
  -4.5070838e-01   1.2498938e+00
  -4.5585574e-01   1.4127153e+00
  -4.6059905e-01   1.6024962e+00
  -4.6494277e-01   1.8235903e+00
  -4.6889784e-01   2.0808533e+00
  -4.7248026e-01   2.3795141e+00
  -4.7570984e-01   2.7248801e+00
  -4.7860893e-01   3.1217825e+00
  -4.8120137e-01   3.5736546e+00
  -4.8351168e-01   4.0811430e+00
  -4.8556427e-01   4.6402021e+00
  -4.8738293e-01   5.2397332e+00
  -4.8899045e-01   5.8589933e+00
  -4.9040832e-01   6.4651700e+00
  -4.9165656e-01   7.0116218e+00
  -4.9275365e-01   7.4372145e+00
  -4.9371649e-01   7.6668927e+00
  -4.9456043e-01   7.6131646e+00
  -4.9529932e-01   7.1776862e+00
  -4.9594561e-01   6.2518112e+00
  -4.9651042e-01   4.7149089e+00
  -4.9700365e-01   2.4294154e+00
  -4.9743408e-01  -7.6824452e-01
  -4.9780951e-01  -5.0817886e+00
  -4.9813679e-01  -1.0775744e+01
  -4.9842197e-01  -1.8205452e+01
  -4.9867038e-01  -2.7861704e+01
  -4.9888669e-01  -4.0439955e+01
  -4.9907499e-01  -5.6952946e+01
  -4.9923887e-01  -7.8923948e+01
  -4.9938146e-01  -1.0873865e+02
  -4.9950550e-01  -1.5033293e+02
  -4.9961340e-01  -2.1066248e+02
  -4.9970723e-01  -3.0323536e+02
  -4.9978883e-01  -4.5805903e+02
  -4.9985977e-01  -7.5639705e+02
  -4.9992145e-01  -1.5011215e+03
  -4.9997507e-01  -4.9996633e+03
