   4.9997507e-01   1.2462641e+00
   4.9992145e-01   9.9780053e-01
   4.9985977e-01   8.7448742e-01
   4.9978883e-01   7.9596251e-01
   4.9970723e-01   7.3757831e-01
   4.9961340e-01   6.9018945e-01
   4.9950550e-01   6.4965248e-01
   4.9938146e-01   6.1376704e-01
   4.9923887e-01   5.8122420e-01
   4.9907499e-01   5.5118016e-01
   4.9888669e-01   5.2305804e-01
   4.9867038e-01   4.9644520e-01
   4.9842197e-01   4.7103572e-01
   4.9813678e-01   4.4659610e-01
   4.9780950e-01   4.2294375e-01
   4.9743408e-01   3.9993304e-01
   4.9700364e-01   3.7744586e-01
   4.9651041e-01   3.5538525e-01
   4.9594561e-01   3.3367089e-01
   4.9529932e-01   3.1223600e-01
   4.9456042e-01   2.9102540e-01
   4.9371648e-01   2.6999442e-01
   4.9275364e-01   2.4910873e-01
   4.9165655e-01   2.2834504e-01
   4.9040831e-01   2.0769272e-01
   4.8899044e-01   1.8715620e-01
   4.8738291e-01   1.6675800e-01
   4.8556425e-01   1.4654206e-01
   4.8351166e-01   1.2657656e-01
   4.8120136e-01   1.0695573e-01
   4.7860891e-01   8.7799660e-02
   4.7570982e-01   6.9251410e-02
   4.7248024e-01   5.1471101e-02
   4.6889781e-01   3.4627132e-02
   4.6494275e-01   1.8885243e-02
   4.6059902e-01   4.3967087e-03
   4.5585571e-01  -8.7128141e-03
   4.5070835e-01  -2.0352353e-02
   4.4516027e-01  -3.0471532e-02
   4.3922381e-01  -3.9062869e-02
   4.3292120e-01  -4.6160537e-02
   4.2628511e-01  -5.1836153e-02
   4.1935856e-01  -5.6192316e-02
   4.1219434e-01  -5.9354704e-02
   4.0485369e-01  -6.1462050e-02
   3.9740439e-01  -6.2658644e-02
   3.8991224e-01  -6.3111507e-02
   3.8241393e-01  -6.2976568e-02
   3.7491562e-01  -6.2363751e-02
   3.6741730e-01  -6.1361962e-02
   3.5991899e-01  -6.0044956e-02
   3.5242068e-01  -5.8472932e-02
   3.4492237e-01  -5.6695095e-02
   3.3742405e-01  -5.4751801e-02
   3.2992574e-01  -5.2676252e-02
   3.2242743e-01  -5.0495827e-02
   3.1492911e-01  -4.8233144e-02
   3.0743080e-01  -4.5906903e-02
   2.9993249e-01  -4.3532569e-02
   2.9243418e-01  -4.1122915e-02
   2.8493586e-01  -3.8688472e-02
   2.7743755e-01  -3.6237895e-02
   2.6993924e-01  -3.3778265e-02
   2.6244093e-01  -3.1315336e-02
   2.5494261e-01  -2.8853745e-02
   2.4744430e-01  -2.6397186e-02
   2.3994599e-01  -2.3948549e-02
   2.3244768e-01  -2.1510048e-02
   2.2494936e-01  -1.9083318e-02
   2.1745105e-01  -1.6669507e-02
   2.0995274e-01  -1.4269339e-02
   2.0245443e-01  -1.1883188e-02
   1.9495611e-01  -9.5111177e-03
   1.8745780e-01  -7.1529338e-03
   1.7995949e-01  -4.8082173e-03
   1.7246117e-01  -2.4763569e-03
   1.6496286e-01  -1.5657512e-04
   1.5746455e-01   2.1520493e-03
   1.4996624e-01   4.4505630e-03
   1.4246792e-01   6.7401224e-03
   1.3496961e-01   9.0219809e-03
   1.2747130e-01   1.1297479e-02
   1.1997299e-01   1.3568034e-02
   1.1247467e-01   1.5835136e-02
   1.0497636e-01   1.8100342e-02
   9.7478048e-02   2.0365271e-02
   8.9979736e-02   2.2631602e-02
   8.2481423e-02   2.4901075e-02
   7.4983110e-02   2.7175488e-02
   6.7484798e-02   2.9456699e-02
   5.9986485e-02   3.1746628e-02
   5.2488173e-02   3.4047258e-02
   4.4989860e-02   3.6360642e-02
   3.7491547e-02   3.8688903e-02
   2.9993235e-02   4.1034241e-02
   2.2494922e-02   4.3398941e-02
   1.4996609e-02   4.5785377e-02
   7.4982967e-03   4.8196021e-02
  -1.5895382e-08   5.0633453e-02
  -7.4983285e-03   5.3100370e-02
  -1.4996641e-02   5.5599597e-02
  -2.2494954e-02   5.8134102e-02
  -2.9993266e-02   6.0707009e-02
  -3.7491579e-02   6.3321614e-02
  -4.4989892e-02   6.5981403e-02
  -5.2488204e-02   6.8690073e-02
  -5.9986517e-02   7.1451556e-02
  -6.7484830e-02   7.4270043e-02
  -7.4983142e-02   7.7150016e-02
  -8.2481455e-02   8.0096277e-02
  -8.9979768e-02   8.3113990e-02
  -9.7478080e-02   8.6208721e-02
  -1.0497639e-01   8.9386486e-02
  -1.1247471e-01   9.2653805e-02
  -1.1997302e-01   9.6017765e-02
  -1.2747133e-01   9.9486085e-02
  -1.3496964e-01   1.0306719e-01
  -1.4246796e-01   1.0677032e-01
  -1.4996627e-01   1.1060557e-01
  -1.5746458e-01   1.1458405e-01
  -1.6496289e-01   1.1871797e-01
  -1.7246121e-01   1.2302076e-01
  -1.7995952e-01   1.2750720e-01
  -1.8745783e-01   1.3219355e-01
  -1.9495614e-01   1.3709768e-01
  -2.0245446e-01   1.4223924e-01
  -2.0995277e-01   1.4763976e-01
  -2.1745108e-01   1.5332278e-01
  -2.2494939e-01   1.5931405e-01
  -2.3244771e-01   1.6564155e-01
  -2.3994602e-01   1.7233572e-01
  -2.4744433e-01   1.7942955e-01
  -2.5494265e-01   1.8695871e-01
  -2.6244096e-01   1.9496183e-01
  -2.6993927e-01   2.0348069e-01
  -2.7743758e-01   2.1256063e-01
  -2.8493590e-01   2.2225113e-01
  -2.9243421e-01   2.3260657e-01
  -2.9993252e-01   2.4368740e-01
  -3.0743083e-01   2.5556174e-01
  -3.1492915e-01   2.6830756e-01
  -3.2242746e-01   2.8201577e-01
  -3.2992577e-01   2.9679424e-01
  -3.3742408e-01   3.1277323e-01
  -3.4492240e-01   3.3011265e-01
  -3.5242071e-01   3.4901157e-01
  -3.5991902e-01   3.6972094e-01
  -3.6741734e-01   3.9256068e-01
  -3.7491565e-01   4.1794291e-01
  -3.8241396e-01   4.4640417e-01
  -3.8991227e-01   4.7864472e-01
  -3.9740442e-01   5.1553564e-01
  -4.0485372e-01   5.5804866e-01
  -4.1219438e-01   6.0724036e-01
  -4.1935860e-01   6.6433056e-01
  -4.2628514e-01   7.3074716e-01
  -4.3292123e-01   8.0815079e-01
  -4.3922384e-01   8.9846250e-01
  -4.4516030e-01   1.0038996e+00
  -4.5070838e-01   1.1270221e+00
  -4.5585574e-01   1.2707901e+00
  -4.6059905e-01   1.4386299e+00
  -4.6494277e-01   1.6344984e+00
  -4.6889784e-01   1.8629296e+00
  -4.7248026e-01   2.1290288e+00
  -4.7570984e-01   2.4383580e+00
  -4.7860893e-01   2.7966160e+00
  -4.8120137e-01   3.2089753e+00
  -4.8351168e-01   3.6788853e+00
  -4.8556427e-01   4.2061419e+00
  -4.8738293e-01   4.7840810e+00
  -4.8899045e-01   5.3959445e+00
  -4.9040832e-01   6.0107992e+00
  -4.9165656e-01   6.5797772e+00
  -4.9275365e-01   7.0336520e+00
  -4.9371649e-01   7.2826003e+00
  -4.9456043e-01   7.2182956e+00
  -4.9529932e-01   6.7174094e+00
  -4.9594561e-01   5.6446276e+00
  -4.9651042e-01   3.8528926e+00
  -4.9700365e-01   1.1788841e+00
  -4.9743408e-01  -2.5675896e+00
  -4.9780951e-01  -7.6212180e+00
  -4.9813679e-01  -1.4287148e+01
  -4.9842197e-01  -2.2978172e+01
  -4.9867038e-01  -3.4269205e+01
  -4.9888669e-01  -4.8980904e+01
  -4.9907499e-01  -6.8315109e+01
  -4.9923887e-01  -9.4086933e+01
  -4.9938146e-01  -1.2914708e+02
  -4.9950550e-01  -1.7820561e+02
  -4.9961340e-01  -2.4958251e+02
  -4.9970723e-01  -3.5936824e+02
  -4.9978883e-01  -5.4295088e+02
  -4.9985977e-01  -8.9494216e+02
  -4.9992145e-01  -1.7662699e+03
  -4.9997507e-01  -5.7532849e+03
