   4.9997507e-01   2.7226869e+00
   4.9992145e-01   2.1954255e+00
   4.9985977e-01   1.8957332e+00
   4.9978883e-01   1.7108702e+00
   4.9970723e-01   1.5758776e+00
   4.9961340e-01   1.4663318e+00
   4.9950550e-01   1.3718309e+00
   4.9938146e-01   1.2871614e+00
   4.9923887e-01   1.2092971e+00
   4.9907499e-01   1.1362894e+00
   4.9888669e-01   1.0667904e+00
   4.9867038e-01   9.9981642e-01
   4.9842197e-01   9.3461942e-01
   4.9813678e-01   8.7061285e-01
   4.9780950e-01   8.0732902e-01
   4.9743408e-01   7.4439636e-01
   4.9700364e-01   6.8153074e-01
   4.9651041e-01   6.1853749e-01
   4.9594561e-01   5.5532147e-01
   4.9529932e-01   4.9190249e-01
   4.9456042e-01   4.2843214e-01
   4.9371648e-01   3.6520724e-01
   4.9275364e-01   3.0267412e-01
   4.9165655e-01   2.4141841e-01
   4.9040831e-01   1.8213673e-01
   4.8899044e-01   1.2559031e-01
   4.8738291e-01   7.2544975e-02
   4.8556425e-01   2.3706172e-02
   4.8351166e-01  -2.0340005e-02
   4.8120136e-01  -5.9170045e-02
   4.7860891e-01  -9.2544560e-02
   4.7570982e-01  -1.2040786e-01
   4.7248024e-01  -1.4287014e-01
   4.6889781e-01  -1.6017957e-01
   4.6494275e-01  -1.7269121e-01
   4.6059902e-01  -1.8083783e-01
   4.5585571e-01  -1.8510493e-01
   4.5070835e-01  -1.8600962e-01
   4.4516027e-01  -1.8408264e-01
   4.3922381e-01  -1.7985141e-01
   4.3292120e-01  -1.7382532e-01
   4.2628511e-01  -1.6647894e-01
   4.1935856e-01  -1.5824473e-01
   4.1219434e-01  -1.4949230e-01
   4.0485369e-01  -1.4054664e-01
   3.9740439e-01  -1.3162926e-01
   3.8991224e-01  -1.2296712e-01
   3.8241393e-01  -1.1469806e-01
   3.7491562e-01  -1.0682631e-01
   3.6741730e-01  -9.9346685e-02
   3.5991899e-01  -9.2252076e-02
   3.5242068e-01  -8.5529643e-02
   3.4492237e-01  -7.9162672e-02
   3.3742405e-01  -7.3132195e-02
   3.2992574e-01  -6.7418166e-02
   3.2242743e-01  -6.2000286e-02
   3.1492911e-01  -5.6858540e-02
   3.0743080e-01  -5.1973557e-02
   2.9993249e-01  -4.7326823e-02
   2.9243418e-01  -4.2900799e-02
   2.8493586e-01  -3.8678985e-02
   2.7743755e-01  -3.4645920e-02
   2.6993924e-01  -3.0787173e-02
   2.6244093e-01  -2.7089303e-02
   2.5494261e-01  -2.3539806e-02
   2.4744430e-01  -2.0127066e-02
   2.3994599e-01  -1.6840293e-02
   2.3244768e-01  -1.3669467e-02
   2.2494936e-01  -1.0605275e-02
   2.1745105e-01  -7.6390615e-03
   2.0995274e-01  -4.7627718e-03
   2.0245443e-01  -1.9689028e-03
   1.9495611e-01   7.4954375e-04
   1.8745780e-01   3.3991047e-03
   1.7995949e-01   5.9858967e-03
   1.7246117e-01   8.5156528e-03
   1.6496286e-01   1.0993758e-02
   1.5746455e-01   1.3425282e-02
   1.4996624e-01   1.5815007e-02
   1.4246792e-01   1.8167456e-02
   1.3496961e-01   2.0486921e-02
   1.2747130e-01   2.2777481e-02
   1.1997299e-01   2.5043029e-02
   1.1247467e-01   2.7287291e-02
   1.0497636e-01   2.9513844e-02
   9.7478048e-02   3.1726135e-02
   8.9979736e-02   3.3927498e-02
   8.2481423e-02   3.6121170e-02
   7.4983110e-02   3.8310306e-02
   6.7484798e-02   4.0497991e-02
   5.9986485e-02   4.2687260e-02
   5.2488173e-02   4.4881107e-02
   4.4989860e-02   4.7082499e-02
   3.7491547e-02   4.9294390e-02
   2.9993235e-02   5.1519732e-02
   2.2494922e-02   5.3761491e-02
   1.4996609e-02   5.6022657e-02
   7.4982967e-03   5.8306259e-02
  -1.5895382e-08   6.0615377e-02
  -7.4983285e-03   6.2953156e-02
  -1.4996641e-02   6.5322821e-02
  -2.2494954e-02   6.7727694e-02
  -2.9993266e-02   7.0171205e-02
  -3.7491579e-02   7.2656910e-02
  -4.4989892e-02   7.5188515e-02
  -5.2488204e-02   7.7769885e-02
  -5.9986517e-02   8.0405073e-02
  -6.7484830e-02   8.3098337e-02
  -7.4983142e-02   8.5854170e-02
  -8.2481455e-02   8.8677320e-02
  -8.9979768e-02   9.1572826e-02
  -9.7478080e-02   9.4546045e-02
  -1.0497639e-01   9.7602694e-02
  -1.1247471e-01   1.0074889e-01
  -1.1997302e-01   1.0399118e-01
  -1.2747133e-01   1.0733661e-01
  -1.3496964e-01   1.1079280e-01
  -1.4246796e-01   1.1436796e-01
  -1.4996627e-01   1.1807100e-01
  -1.5746458e-01   1.2191160e-01
  -1.6496289e-01   1.2590031e-01
  -1.7246121e-01   1.3004868e-01
  -1.7995952e-01   1.3436932e-01
  -1.8745783e-01   1.3887615e-01
  -1.9495614e-01   1.4358444e-01
  -2.0245446e-01   1.4851111e-01
  -2.0995277e-01   1.5367486e-01
  -2.1745108e-01   1.5909647e-01
  -2.2494939e-01   1.6479908e-01
  -2.3244771e-01   1.7080848e-01
  -2.3994602e-01   1.7715350e-01
  -2.4744433e-01   1.8386644e-01
  -2.5494265e-01   1.9098356e-01
  -2.6244096e-01   1.9854562e-01
  -2.6993927e-01   2.0659852e-01
  -2.7743758e-01   2.1519406e-01
  -2.8493590e-01   2.2439077e-01
  -2.9243421e-01   2.3425500e-01
  -2.9993252e-01   2.4486206e-01
  -3.0743083e-01   2.5629779e-01
  -3.1492915e-01   2.6866038e-01
  -3.2242746e-01   2.8206279e-01
  -3.2992577e-01   2.9663582e-01
  -3.3742408e-01   3.1253224e-01
  -3.4492240e-01   3.2993229e-01
  -3.5242071e-01   3.4905118e-01
  -3.5991902e-01   3.7014948e-01
  -3.6741734e-01   3.9354746e-01
  -3.7491565e-01   4.1964529e-01
  -3.8241396e-01   4.4895254e-01
  -3.8991227e-01   4.8212729e-01
  -3.9740442e-01   5.1998271e-01
  -4.0485372e-01   5.6342750e-01
  -4.1219438e-01   6.1340774e-01
  -4.1935860e-01   6.7102210e-01
  -4.2628514e-01   7.3758175e-01
  -4.3292123e-01   8.1463903e-01
  -4.3922384e-01   9.0401739e-01
  -4.4516030e-01   1.0078435e+00
  -4.5070838e-01   1.1285842e+00
  -4.5585574e-01   1.2690931e+00
  -4.6059905e-01   1.4326712e+00
  -4.6494277e-01   1.6231494e+00
  -4.6889784e-01   1.8449985e+00
  -4.7248026e-01   2.1034713e+00
  -4.7570984e-01   2.4047796e+00
  -4.7860893e-01   2.7563081e+00
  -4.8120137e-01   3.1668674e+00
  -4.8351168e-01   3.6469925e+00
  -4.8556427e-01   4.2092978e+00
  -4.8738293e-01   4.8689008e+00
  -4.8899045e-01   5.6439292e+00
  -4.9040832e-01   6.5561152e+00
  -4.9165656e-01   7.6314537e+00
  -4.9275365e-01   8.9008422e+00
  -4.9371649e-01   1.0400494e+01
  -4.9456043e-01   1.2171683e+01
  -4.9529932e-01   1.4258988e+01
  -4.9594561e-01   1.6705663e+01
  -4.9651042e-01   1.9544101e+01
  -4.9700365e-01   2.2778991e+01
  -4.9743408e-01   2.6361178e+01
  -4.9780951e-01   3.0152198e+01
  -4.9813679e-01   3.3883038e+01
  -4.9842197e-01   3.7114451e+01
  -4.9867038e-01   3.9206526e+01
  -4.9888669e-01   3.9297825e+01
  -4.9907499e-01   3.6277070e+01
  -4.9923887e-01   2.8703971e+01
  -4.9938146e-01   1.4597670e+01
  -4.9950550e-01  -9.0632029e+00
  -4.9961340e-01  -4.7489774e+01
  -4.9970723e-01  -1.1091304e+02
  -4.9978883e-01  -2.2266236e+02
  -4.9985977e-01  -4.4781154e+02
  -4.9992145e-01  -1.0358476e+03
  -4.9997507e-01  -3.9846352e+03
