   4.9997507e-01   1.3228247e+00
   4.9992145e-01   1.0480373e+00
   4.9985977e-01   9.1540738e-01
   4.9978883e-01   8.3311635e-01
   4.9970723e-01   7.7248869e-01
   4.9961340e-01   7.2338189e-01
   4.9950550e-01   6.8139657e-01
   4.9938146e-01   6.4423788e-01
   4.9923887e-01   6.1054757e-01
   4.9907499e-01   5.7945131e-01
   4.9888669e-01   5.5035161e-01
   4.9867038e-01   5.2282116e-01
   4.9842197e-01   4.9654310e-01
   4.9813678e-01   4.7127547e-01
   4.9780950e-01   4.4682896e-01
   4.9743408e-01   4.2305236e-01
   4.9700364e-01   3.9982285e-01
   4.9651041e-01   3.7703931e-01
   4.9594561e-01   3.5461762e-01
   4.9529932e-01   3.3248745e-01
   4.9456042e-01   3.1059017e-01
   4.9371648e-01   2.8887770e-01
   4.9275364e-01   2.6731230e-01
   4.9165655e-01   2.4586728e-01
   4.9040831e-01   2.2452864e-01
   4.8899044e-01   2.0329763e-01
   4.8738291e-01   1.8219399e-01
   4.8556425e-01   1.6125944e-01
   4.8351166e-01   1.4056100e-01
   4.8120136e-01   1.2019311e-01
   4.7860891e-01   1.0027780e-01
   4.7570982e-01   8.0962220e-02
   4.7248024e-01   6.2412849e-02
   4.6889781e-01   4.4806698e-02
   4.6494275e-01   2.8320048e-02
   4.6059902e-01   1.3116013e-02
   4.5585571e-01  -6.6749286e-04
   4.5070835e-01  -1.2927862e-02
   4.4516027e-01  -2.3604765e-02
   4.3922381e-01  -3.2683354e-02
   4.3292120e-01  -4.0193663e-02
   4.2628511e-01  -4.6206646e-02
   4.1935856e-01  -5.0827593e-02
   4.1219434e-01  -5.4187703e-02
   4.0485369e-01  -5.6433244e-02
   3.9740439e-01  -5.7717679e-02
   3.8991224e-01  -5.8218801e-02
   3.8241393e-01  -5.8102072e-02
   3.7491562e-01  -5.7484561e-02
   3.6741730e-01  -5.6461199e-02
   3.5991899e-01  -5.5110789e-02
   3.5242068e-01  -5.3497653e-02
   3.4492237e-01  -5.1674347e-02
   3.3742405e-01  -4.9683922e-02
   3.2992574e-01  -4.7561735e-02
   3.2242743e-01  -4.5336873e-02
   3.1492911e-01  -4.3033293e-02
   3.0743080e-01  -4.0670728e-02
   2.9993249e-01  -3.8265425e-02
   2.9243418e-01  -3.5830731e-02
   2.8493586e-01  -3.3377587e-02
   2.7743755e-01  -3.0914916e-02
   2.6993924e-01  -2.8449957e-02
   2.6244093e-01  -2.5988536e-02
   2.5494261e-01  -2.3535287e-02
   2.4744430e-01  -2.1093842e-02
   2.3994599e-01  -1.8666991e-02
   2.3244768e-01  -1.6256808e-02
   2.2494936e-01  -1.3864766e-02
   2.1745105e-01  -1.1491827e-02
   2.0995274e-01  -9.1385218e-03
   2.0245443e-01  -6.8050160e-03
   1.9495611e-01  -4.4911646e-03
   1.8745780e-01  -2.1965596e-03
   1.7995949e-01   7.9430855e-05
   1.7246117e-01   2.3376294e-03
   1.6496286e-01   4.5790214e-03
   1.5746455e-01   6.8047316e-03
   1.4996624e-01   9.0160052e-03
   1.4246792e-01   1.1214191e-02
   1.3496961e-01   1.3400730e-02
   1.2747130e-01   1.5577142e-02
   1.1997299e-01   1.7745019e-02
   1.1247467e-01   1.9906018e-02
   1.0497636e-01   2.2061859e-02
   9.7478048e-02   2.4214315e-02
   8.9979736e-02   2.6365216e-02
   8.2481423e-02   2.8516446e-02
   7.4983110e-02   3.0669941e-02
   6.7484798e-02   3.2827694e-02
   5.9986485e-02   3.4991756e-02
   5.2488173e-02   3.7164236e-02
   4.4989860e-02   3.9347310e-02
   3.7491547e-02   4.1543220e-02
   2.9993235e-02   4.3754285e-02
   2.2494922e-02   4.5982907e-02
   1.4996609e-02   4.8231573e-02
   7.4982967e-03   5.0502873e-02
  -1.5895382e-08   5.2799500e-02
  -7.4983285e-03   5.5124270e-02
  -1.4996641e-02   5.7480127e-02
  -2.2494954e-02   5.9870162e-02
  -2.9993266e-02   6.2297626e-02
  -3.7491579e-02   6.4765949e-02
  -4.4989892e-02   6.7278758e-02
  -5.2488204e-02   6.9839900e-02
  -5.9986517e-02   7.2453466e-02
  -6.7484830e-02   7.5123819e-02
  -7.4983142e-02   7.7855626e-02
  -8.2481455e-02   8.0653890e-02
  -8.9979768e-02   8.3523992e-02
  -9.7478080e-02   8.6471730e-02
  -1.0497639e-01   8.9503372e-02
  -1.1247471e-01   9.2625707e-02
  -1.1997302e-01   9.5846104e-02
  -1.2747133e-01   9.9172575e-02
  -1.3496964e-01   1.0261385e-01
  -1.4246796e-01   1.0617945e-01
  -1.4996627e-01   1.0987976e-01
  -1.5746458e-01   1.1372615e-01
  -1.6496289e-01   1.1773102e-01
  -1.7246121e-01   1.2190791e-01
  -1.7995952e-01   1.2627162e-01
  -1.8745783e-01   1.3083828e-01
  -1.9495614e-01   1.3562546e-01
  -2.0245446e-01   1.4065225e-01
  -2.0995277e-01   1.4593938e-01
  -2.1745108e-01   1.5150927e-01
  -2.2494939e-01   1.5738619e-01
  -2.3244771e-01   1.6359630e-01
  -2.3994602e-01   1.7016782e-01
  -2.4744433e-01   1.7713112e-01
  -2.5494265e-01   1.8451901e-01
  -2.6244096e-01   1.9236689e-01
  -2.6993927e-01   2.0071326e-01
  -2.7743758e-01   2.0960014e-01
  -2.8493590e-01   2.1907391e-01
  -2.9243421e-01   2.2918627e-01
  -2.9993252e-01   2.3999564e-01
  -3.0743083e-01   2.5156907e-01
  -3.1492915e-01   2.6398468e-01
  -3.2242746e-01   2.7733494e-01
  -3.2992577e-01   2.9173094e-01
  -3.3742408e-01   3.0730796e-01
  -3.4492240e-01   3.2423273e-01
  -3.5242071e-01   3.4271294e-01
  -3.5991902e-01   3.6300971e-01
  -3.6741734e-01   3.8545445e-01
  -3.7491565e-01   4.1047160e-01
  -3.8241396e-01   4.3861026e-01
  -3.8991227e-01   4.7058289e-01
  -3.9740442e-01   5.0727209e-01
  -4.0485372e-01   5.4965950e-01
  -4.1219438e-01   5.9880676e-01
  -4.1935860e-01   6.5593207e-01
  -4.2628514e-01   7.2245547e-01
  -4.3292123e-01   8.0002511e-01
  -4.3922384e-01   8.9054734e-01
  -4.4516030e-01   9.9622509e-01
  -4.5070838e-01   1.1196061e+00
  -4.5585574e-01   1.2636402e+00
  -4.6059905e-01   1.4317422e+00
  -4.6494277e-01   1.6278486e+00
  -4.6889784e-01   1.8564484e+00
  -4.7248026e-01   2.1225511e+00
  -4.7570984e-01   2.4315273e+00
  -4.7860893e-01   2.7887224e+00
  -4.8120137e-01   3.1986963e+00
  -4.8351168e-01   3.6639061e+00
  -4.8556427e-01   4.1826509e+00
  -4.8738293e-01   4.7461833e+00
  -4.8899045e-01   5.3351126e+00
  -4.9040832e-01   5.9155552e+00
  -4.9165656e-01   6.4358373e+00
  -4.9275365e-01   6.8247006e+00
  -4.9371649e-01   6.9916733e+00
  -4.9456043e-01   6.8295039e+00
  -4.9529932e-01   6.2175337e+00
  -4.9594561e-01   5.0240985e+00
  -4.9651042e-01   3.1058487e+00
  -4.9700365e-01   3.0229348e-01
  -4.9743408e-01  -3.5755120e+00
  -4.9780951e-01  -8.7629555e+00
  -4.9813679e-01  -1.5567901e+01
  -4.9842197e-01  -2.4407811e+01
  -4.9867038e-01  -3.5864208e+01
  -4.9888669e-01  -5.0766494e+01
  -4.9907499e-01  -7.0328042e+01
  -4.9923887e-01  -9.6379662e+01
  -4.9938146e-01  -1.3179470e+02
  -4.9950550e-01  -1.8131859e+02
  -4.9961340e-01  -2.5333335e+02
  -4.9970723e-01  -3.6406075e+02
  -4.9978883e-01  -5.4928531e+02
  -4.9985977e-01  -9.0557508e+02
  -4.9992145e-01  -1.7986744e+03
  -4.9997507e-01  -6.0971665e+03
