   4.9997507e-01   1.4271536e+00
   4.9992145e-01   1.1368775e+00
   4.9985977e-01   9.9257081e-01
   4.9978883e-01   9.0054105e-01
   4.9970723e-01   8.3200751e-01
   4.9961340e-01   7.7628459e-01
   4.9950550e-01   7.2853003e-01
   4.9938146e-01   6.8617164e-01
   4.9923887e-01   6.4767853e-01
   4.9907499e-01   6.1206326e-01
   4.9888669e-01   5.7865028e-01
   4.9867038e-01   5.4695617e-01
   4.9842197e-01   5.1662243e-01
   4.9813678e-01   4.8737552e-01
   4.9780950e-01   4.5900176e-01
   4.9743408e-01   4.3133105e-01
   4.9700364e-01   4.0422610e-01
   4.9651041e-01   3.7757505e-01
   4.9594561e-01   3.5128665e-01
   4.9529932e-01   3.2528734e-01
   4.9456042e-01   2.9951983e-01
   4.9371648e-01   2.7394321e-01
   4.9275364e-01   2.4853439e-01
   4.9165655e-01   2.2329077e-01
   4.9040831e-01   1.9823379e-01
   4.8899044e-01   1.7341301e-01
   4.8738291e-01   1.4890972e-01
   4.8556425e-01   1.2483918e-01
   4.8351166e-01   1.0135037e-01
   4.8120136e-01   7.8622311e-02
   4.7860891e-01   5.6856347e-02
   4.7570982e-01   3.6264735e-02
   4.7248024e-01   1.7056397e-02
   4.6889781e-01  -5.7834369e-04
   4.6494275e-01  -1.6482026e-02
   4.6059902e-01  -3.0541360e-02
   4.5585571e-01  -4.2694271e-02
   4.5070835e-01  -5.2932204e-02
   4.4516027e-01  -6.1298054e-02
   4.3922381e-01  -6.7880632e-02
   4.3292120e-01  -7.2806811e-02
   4.2628511e-01  -7.6232394e-02
   4.1935856e-01  -7.8332520e-02
   4.1219434e-01  -7.9292328e-02
   4.0485369e-01  -7.9296674e-02
   3.9740439e-01  -7.8520233e-02
   3.8991224e-01  -7.7151807e-02
   3.8241393e-01  -7.5353100e-02
   3.7491562e-01  -7.3223944e-02
   3.6741730e-01  -7.0842008e-02
   3.5991899e-01  -6.8270608e-02
   3.5242068e-01  -6.5559966e-02
   3.4492237e-01  -6.2749830e-02
   3.3742405e-01  -5.9871665e-02
   3.2992574e-01  -5.6950373e-02
   3.2242743e-01  -5.4005634e-02
   3.1492911e-01  -5.1052951e-02
   3.0743080e-01  -4.8104474e-02
   2.9993249e-01  -4.5169648e-02
   2.9243418e-01  -4.2255733e-02
   2.8493586e-01  -3.9368213e-02
   2.7743755e-01  -3.6511133e-02
   2.6993924e-01  -3.3687366e-02
   2.6244093e-01  -3.0898829e-02
   2.5494261e-01  -2.8146662e-02
   2.4744430e-01  -2.5431372e-02
   2.3994599e-01  -2.2752954e-02
   2.3244768e-01  -2.0110982e-02
   2.2494936e-01  -1.7504693e-02
   2.1745105e-01  -1.4933050e-02
   2.0995274e-01  -1.2394798e-02
   2.0245443e-01  -9.8885042e-03
   1.9495611e-01  -7.4125949e-03
   1.8745780e-01  -4.9653859e-03
   1.7995949e-01  -2.5451051e-03
   1.7246117e-01  -1.4991134e-04
   1.6496286e-01   2.2220894e-03
   1.5746455e-01   4.5728329e-03
   1.4996624e-01   6.9042867e-03
   1.4246792e-01   9.2184432e-03
   1.3496961e-01   1.1517314e-02
   1.2747130e-01   1.3802928e-02
   1.1997299e-01   1.6077326e-02
   1.1247467e-01   1.8342564e-02
   1.0497636e-01   2.0600707e-02
   9.7478048e-02   2.2853838e-02
   8.9979736e-02   2.5104053e-02
   8.2481423e-02   2.7353466e-02
   7.4983110e-02   2.9604212e-02
   6.7484798e-02   3.1858452e-02
   5.9986485e-02   3.4118374e-02
   5.2488173e-02   3.6386203e-02
   4.4989860e-02   3.8664199e-02
   3.7491547e-02   4.0954672e-02
   2.9993235e-02   4.3259982e-02
   2.2494922e-02   4.5582547e-02
   1.4996609e-02   4.7924855e-02
   7.4982967e-03   5.0289469e-02
  -1.5895382e-08   5.2679037e-02
  -7.4983285e-03   5.5096304e-02
  -1.4996641e-02   5.7544119e-02
  -2.2494954e-02   6.0025455e-02
  -2.9993266e-02   6.2543414e-02
  -3.7491579e-02   6.5101250e-02
  -4.4989892e-02   6.7702378e-02
  -5.2488204e-02   7.0350400e-02
  -5.9986517e-02   7.3049119e-02
  -6.7484830e-02   7.5802564e-02
  -7.4983142e-02   7.8615020e-02
  -8.2481455e-02   8.1491049e-02
  -8.9979768e-02   8.4435529e-02
  -9.7478080e-02   8.7453690e-02
  -1.0497639e-01   9.0551151e-02
  -1.1247471e-01   9.3733975e-02
  -1.1997302e-01   9.7008719e-02
  -1.2747133e-01   1.0038250e-01
  -1.3496964e-01   1.0386306e-01
  -1.4246796e-01   1.0745885e-01
  -1.4996627e-01   1.1117915e-01
  -1.5746458e-01   1.1503414e-01
  -1.6496289e-01   1.1903502e-01
  -1.7246121e-01   1.2319419e-01
  -1.7995952e-01   1.2752539e-01
  -1.8745783e-01   1.3204385e-01
  -1.9495614e-01   1.3676651e-01
  -2.0245446e-01   1.4171223e-01
  -2.0995277e-01   1.4690201e-01
  -2.1745108e-01   1.5235921e-01
  -2.2494939e-01   1.5810985e-01
  -2.3244771e-01   1.6418279e-01
  -2.3994602e-01   1.7061004e-01
  -2.4744433e-01   1.7742696e-01
  -2.5494265e-01   1.8467249e-01
  -2.6244096e-01   1.9238938e-01
  -2.6993927e-01   2.0062438e-01
  -2.7743758e-01   2.0942852e-01
  -2.8493590e-01   2.1885737e-01
  -2.9243421e-01   2.2897148e-01
  -2.9993252e-01   2.3983699e-01
  -3.0743083e-01   2.5152669e-01
  -3.1492915e-01   2.6412143e-01
  -3.2242746e-01   2.7771246e-01
  -3.2992577e-01   2.9240471e-01
  -3.3742408e-01   3.0832151e-01
  -3.4492240e-01   3.2561126e-01
  -3.5242071e-01   3.4445659e-01
  -3.5991902e-01   3.6508691e-01
  -3.6741734e-01   3.8779560e-01
  -3.7491565e-01   4.1296355e-01
  -3.8241396e-01   4.4109219e-01
  -3.8991227e-01   4.7284427e-01
  -3.9740442e-01   5.0905179e-01
  -4.0485372e-01   5.5064835e-01
  -4.1219438e-01   5.9865913e-01
  -4.1935860e-01   6.5428100e-01
  -4.2628514e-01   7.1892513e-01
  -4.3292123e-01   7.9423715e-01
  -4.3922384e-01   8.8211943e-01
  -4.4516030e-01   9.8476145e-01
  -4.5070838e-01   1.1046834e+00
  -4.5585574e-01   1.2447965e+00
  -4.6059905e-01   1.4084806e+00
  -4.6494277e-01   1.5996783e+00
  -4.6889784e-01   1.8229977e+00
  -4.7248026e-01   2.0838110e+00
  -4.7570984e-01   2.3883242e+00
  -4.7860893e-01   2.7435689e+00
  -4.8120137e-01   3.1572317e+00
  -4.8351168e-01   3.6371750e+00
  -4.8556427e-01   4.1904227e+00
  -4.8738293e-01   4.8213089e+00
  -4.8899045e-01   5.5284655e+00
  -4.9040832e-01   6.3004457e+00
  -4.9165656e-01   7.1101338e+00
  -4.9275365e-01   7.9086864e+00
  -4.9371649e-01   8.6203866e+00
  -4.9456043e-01   9.1400687e+00
  -4.9529932e-01   9.3342184e+00
  -4.9594561e-01   9.0453744e+00
  -4.9651042e-01   8.0975873e+00
  -4.9700365e-01   6.2993561e+00
  -4.9743408e-01   3.4403277e+00
  -4.9780951e-01  -7.2109732e-01
  -4.9813679e-01  -6.4812299e+00
  -4.9842197e-01  -1.4227889e+01
  -4.9867038e-01  -2.4495191e+01
  -4.9888669e-01  -3.8046521e+01
  -4.9907499e-01  -5.6006688e+01
  -4.9923887e-01  -8.0085908e+01
  -4.9938146e-01  -1.1298556e+02
  -4.9950550e-01  -1.5918905e+02
  -4.9961340e-01  -2.2664425e+02
  -4.9970723e-01  -3.3076934e+02
  -4.9978883e-01  -5.0557732e+02
  -4.9985977e-01  -8.4233404e+02
  -4.9992145e-01  -1.6814058e+03
  -4.9997507e-01  -5.5710948e+03
