   4.9997507e-01   1.8215208e+00
   4.9992145e-01   1.4452949e+00
   4.9985977e-01   1.2483417e+00
   4.9978883e-01   1.1256023e+00
   4.9970723e-01   1.0364215e+00
   4.9961340e-01   9.6471120e-01
   4.9950550e-01   9.0346550e-01
   4.9938146e-01   8.4916339e-01
   4.9923887e-01   7.9978025e-01
   4.9907499e-01   7.5403185e-01
   4.9888669e-01   7.1104673e-01
   4.9867038e-01   6.7020382e-01
   4.9842197e-01   6.3104356e-01
   4.9813678e-01   5.9321549e-01
   4.9780950e-01   5.5644580e-01
   4.9743408e-01   5.2051643e-01
   4.9700364e-01   4.8525142e-01
   4.9651041e-01   4.5050806e-01
   4.9594561e-01   4.1617155e-01
   4.9529932e-01   3.8215258e-01
   4.9456042e-01   3.4838735e-01
   4.9371648e-01   3.1483979e-01
   4.9275364e-01   2.8150570e-01
   4.9165655e-01   2.4841815e-01
   4.9040831e-01   2.1565327e-01
   4.8899044e-01   1.8333502e-01
   4.8738291e-01   1.5163751e-01
   4.8556425e-01   1.2078323e-01
   4.8351166e-01   9.1035974e-02
   4.8120136e-01   6.2687998e-02
   4.7860891e-01   3.6042174e-02
   4.7570982e-01   1.1390879e-02
   4.7248024e-01  -1.1005681e-02
   4.6889781e-01  -3.0938801e-02
   4.6494275e-01  -4.8265808e-02
   4.6059902e-01  -6.2918369e-02
   4.5585571e-01  -7.4904384e-02
   4.5070835e-01  -8.4304212e-02
   4.4516027e-01  -9.1262562e-02
   4.3922381e-01  -9.5977392e-02
   4.3292120e-01  -9.8687005e-02
   4.2628511e-01  -9.9656272e-02
   4.1935856e-01  -9.9162716e-02
   4.1219434e-01  -9.7483417e-02
   4.0485369e-01  -9.4881583e-02
   3.9740439e-01  -9.1593686e-02
   3.8991224e-01  -8.7858837e-02
   3.8241393e-01  -8.3861840e-02
   3.7491562e-01  -7.9701488e-02
   3.6741730e-01  -7.5450610e-02
   3.5991899e-01  -7.1166422e-02
   3.5242068e-01  -6.6891732e-02
   3.4492237e-01  -6.2658030e-02
   3.3742405e-01  -5.8488084e-02
   3.2992574e-01  -5.4397975e-02
   3.2242743e-01  -5.0398661e-02
   3.1492911e-01  -4.6497182e-02
   3.0743080e-01  -4.2697581e-02
   2.9993249e-01  -3.9001627e-02
   2.9243418e-01  -3.5409360e-02
   2.8493586e-01  -3.1919523e-02
   2.7743755e-01  -2.8529895e-02
   2.6993924e-01  -2.5237549e-02
   2.6244093e-01  -2.2039053e-02
   2.5494261e-01  -1.8930622e-02
   2.4744430e-01  -1.5908243e-02
   2.3994599e-01  -1.2967764e-02
   2.3244768e-01  -1.0104964e-02
   2.2494936e-01  -7.3156109e-03
   2.1745105e-01  -4.5954965e-03
   2.0995274e-01  -1.9404687e-03
   2.0245443e-01   6.5354862e-04
   1.9495611e-01   3.1905403e-03
   1.8745780e-01   5.6743910e-03
   1.7995949e-01   8.1088802e-03
   1.7246117e-01   1.0497679e-02
   1.6496286e-01   1.2844353e-02
   1.5746455e-01   1.5152361e-02
   1.4996624e-01   1.7425061e-02
   1.4246792e-01   1.9665714e-02
   1.3496961e-01   2.1877493e-02
   1.2747130e-01   2.4063484e-02
   1.1997299e-01   2.6226696e-02
   1.1247467e-01   2.8370069e-02
   1.0497636e-01   3.0496481e-02
   9.7478048e-02   3.2608754e-02
   8.9979736e-02   3.4709664e-02
   8.2481423e-02   3.6801948e-02
   7.4983110e-02   3.8888313e-02
   6.7484798e-02   4.0971447e-02
   5.9986485e-02   4.3054022e-02
   5.2488173e-02   4.5138708e-02
   4.4989860e-02   4.7228179e-02
   3.7491547e-02   4.9325124e-02
   2.9993235e-02   5.1432259e-02
   2.2494922e-02   5.3552332e-02
   1.4996609e-02   5.5688138e-02
   7.4982967e-03   5.7842529e-02
  -1.5895382e-08   6.0018426e-02
  -7.4983285e-03   6.2218832e-02
  -1.4996641e-02   6.4446845e-02
  -2.2494954e-02   6.6705675e-02
  -2.9993266e-02   6.8998658e-02
  -3.7491579e-02   7.1329274e-02
  -4.4989892e-02   7.3701167e-02
  -5.2488204e-02   7.6118166e-02
  -5.9986517e-02   7.8584309e-02
  -6.7484830e-02   8.1103868e-02
  -7.4983142e-02   8.3681378e-02
  -8.2481455e-02   8.6321670e-02
  -8.9979768e-02   8.9029909e-02
  -9.7478080e-02   9.1811629e-02
  -1.0497639e-01   9.4672784e-02
  -1.1247471e-01   9.7619794e-02
  -1.1997302e-01   1.0065960e-01
  -1.2747133e-01   1.0379974e-01
  -1.3496964e-01   1.0704839e-01
  -1.4246796e-01   1.1041446e-01
  -1.4996627e-01   1.1390768e-01
  -1.5746458e-01   1.1753867e-01
  -1.6496289e-01   1.2131905e-01
  -1.7246121e-01   1.2526154e-01
  -1.7995952e-01   1.2938005e-01
  -1.8745783e-01   1.3368982e-01
  -1.9495614e-01   1.3820750e-01
  -2.0245446e-01   1.4295127e-01
  -2.0995277e-01   1.4794097e-01
  -2.1745108e-01   1.5319821e-01
  -2.2494939e-01   1.5874644e-01
  -2.3244771e-01   1.6461114e-01
  -2.3994602e-01   1.7081986e-01
  -2.4744433e-01   1.7740243e-01
  -2.5494265e-01   1.8439113e-01
  -2.6244096e-01   1.9182090e-01
  -2.6993927e-01   1.9972971e-01
  -2.7743758e-01   2.0815900e-01
  -2.8493590e-01   2.1715439e-01
  -2.9243421e-01   2.2676654e-01
  -2.9993252e-01   2.3705253e-01
  -3.0743083e-01   2.4807755e-01
  -3.1492915e-01   2.5991730e-01
  -3.2242746e-01   2.7266114e-01
  -3.2992577e-01   2.8641625e-01
  -3.3742408e-01   3.0131307e-01
  -3.4492240e-01   3.1751237e-01
  -3.5242071e-01   3.3521457e-01
  -3.5991902e-01   3.5467187e-01
  -3.6741734e-01   3.7620448e-01
  -3.7491565e-01   4.0022263e-01
  -3.8241396e-01   4.2725735e-01
  -3.8991227e-01   4.5799928e-01
  -3.9740442e-01   4.9330563e-01
  -4.0485372e-01   5.3412731e-01
  -4.1219438e-01   5.8148780e-01
  -4.1935860e-01   6.3655773e-01
  -4.2628514e-01   7.0069685e-01
  -4.3292123e-01   7.7547766e-01
  -4.3922384e-01   8.6271433e-01
  -4.4516030e-01   9.6450182e-01
  -4.5070838e-01   1.0832686e+00
  -4.5585574e-01   1.2218452e+00
  -4.6059905e-01   1.3835480e+00
  -4.6494277e-01   1.5722784e+00
  -4.6889784e-01   1.7926314e+00
  -4.7248026e-01   2.0500071e+00
  -4.7570984e-01   2.3507100e+00
  -4.7860893e-01   2.7020039e+00
  -4.8120137e-01   3.1120611e+00
  -4.8351168e-01   3.5896878e+00
  -4.8556427e-01   4.1436292e+00
  -4.8738293e-01   4.7811520e+00
  -4.8899045e-01   5.5055174e+00
  -4.9040832e-01   6.3119716e+00
  -4.9165656e-01   7.1821038e+00
  -4.9275365e-01   8.0769706e+00
  -4.9371649e-01   8.9301846e+00
  -4.9456043e-01   9.6428707e+00
  -4.9529932e-01   1.0082408e+01
  -4.9594561e-01   1.0085701e+01
  -4.9651042e-01   9.4655348e+00
  -4.9700365e-01   8.0163866e+00
  -4.9743408e-01   5.5149904e+00
  -4.9780951e-01   1.7114920e+00
  -4.9813679e-01  -3.6917238e+00
  -4.9842197e-01  -1.1075959e+01
  -4.9867038e-01  -2.0961041e+01
  -4.9888669e-01  -3.4088454e+01
  -4.9907499e-01  -5.1552902e+01
  -4.9923887e-01  -7.5024212e+01
  -4.9938146e-01  -1.0714875e+02
  -4.9950550e-01  -1.5233355e+02
  -4.9961340e-01  -2.1842475e+02
  -4.9970723e-01  -3.2075204e+02
  -4.9978883e-01  -4.9356642e+02
  -4.9985977e-01  -8.3041055e+02
  -4.9992145e-01  -1.6849668e+03
  -4.9997507e-01  -5.8488827e+03
