   4.9997507e-01   6.0770674e-01
   4.9992145e-01   4.9774353e-01
   4.9985977e-01   4.7021008e-01
   4.9978883e-01   4.4602253e-01
   4.9970723e-01   4.2530813e-01
   4.9961340e-01   4.0722396e-01
   4.9950550e-01   3.9109464e-01
   4.9938146e-01   3.7644939e-01
   4.9923887e-01   3.6296044e-01
   4.9907499e-01   3.5039387e-01
   4.9888669e-01   3.3857809e-01
   4.9867038e-01   3.2738401e-01
   4.9842197e-01   3.1671231e-01
   4.9813678e-01   3.0648503e-01
   4.9780950e-01   2.9663989e-01
   4.9743408e-01   2.8712631e-01
   4.9700364e-01   2.7790262e-01
   4.9651041e-01   2.6893397e-01
   4.9594561e-01   2.6019084e-01
   4.9529932e-01   2.5164793e-01
   4.9456042e-01   2.4328326e-01
   4.9371648e-01   2.3507755e-01
   4.9275364e-01   2.2701372e-01
   4.9165655e-01   2.1907651e-01
   4.9040831e-01   2.1125224e-01
   4.8899044e-01   2.0352855e-01
   4.8738291e-01   1.9589435e-01
   4.8556425e-01   1.8833971e-01
   4.8351166e-01   1.8085589e-01
   4.8120136e-01   1.7343539e-01
   4.7860891e-01   1.6607208e-01
   4.7570982e-01   1.5876143e-01
   4.7248024e-01   1.5150075e-01
   4.6889781e-01   1.4428965e-01
   4.6494275e-01   1.3713046e-01
   4.6059902e-01   1.3002881e-01
   4.5585571e-01   1.2299425e-01
   4.5070835e-01   1.1604078e-01
   4.4516027e-01   1.0918721e-01
   4.3922381e-01   1.0245736e-01
   4.3292120e-01   9.5879679e-02
   4.2628511e-01   8.9486503e-02
   4.1935856e-01   8.3312707e-02
   4.1219434e-01   7.7393918e-02
   4.0485369e-01   7.1764423e-02
   3.9740439e-01   6.6460080e-02
   3.8991224e-01   6.1508822e-02
   3.8241393e-01   5.6876353e-02
   3.7491562e-01   5.2552182e-02
   3.6741730e-01   4.8518762e-02
   3.5991899e-01   4.4757266e-02
   3.5242068e-01   4.1251574e-02
   3.4492237e-01   3.7987637e-02
   3.3742405e-01   3.4953028e-02
   3.2992574e-01   3.2136620e-02
   3.2242743e-01   2.9528339e-02
   3.1492911e-01   2.7118985e-02
   3.0743080e-01   2.4900082e-02
   2.9993249e-01   2.2863778e-02
   2.9243418e-01   2.1002752e-02
   2.8493586e-01   1.9310149e-02
   2.7743755e-01   1.7779523e-02
   2.6993924e-01   1.6404800e-02
   2.6244093e-01   1.5180236e-02
   2.5494261e-01   1.4100393e-02
   2.4744430e-01   1.3160115e-02
   2.3994599e-01   1.2354511e-02
   2.3244768e-01   1.1678936e-02
   2.2494936e-01   1.1128979e-02
   2.1745105e-01   1.0700456e-02
   2.0995274e-01   1.0389394e-02
   2.0245443e-01   1.0192033e-02
   1.9495611e-01   1.0104810e-02
   1.8745780e-01   1.0124359e-02
   1.7995949e-01   1.0247507e-02
   1.7246117e-01   1.0471265e-02
   1.6496286e-01   1.0792833e-02
   1.5746455e-01   1.1209588e-02
   1.4996624e-01   1.1719087e-02
   1.4246792e-01   1.2319066e-02
   1.3496961e-01   1.3007435e-02
   1.2747130e-01   1.3782278e-02
   1.1997299e-01   1.4641851e-02
   1.1247467e-01   1.5584585e-02
   1.0497636e-01   1.6609082e-02
   9.7478048e-02   1.7714116e-02
   8.9979736e-02   1.8898633e-02
   8.2481423e-02   2.0161752e-02
   7.4983110e-02   2.1502765e-02
   6.7484798e-02   2.2921141e-02
   5.9986485e-02   2.4416522e-02
   5.2488173e-02   2.5988731e-02
   4.4989860e-02   2.7637770e-02
   3.7491547e-02   2.9363827e-02
   2.9993235e-02   3.1167273e-02
   2.2494922e-02   3.3048673e-02
   1.4996609e-02   3.5008784e-02
   7.4982967e-03   3.7048565e-02
  -1.5895382e-08   3.9169181e-02
  -7.4983285e-03   4.1372007e-02
  -1.4996641e-02   4.3658641e-02
  -2.2494954e-02   4.6030906e-02
  -2.9993266e-02   4.8490864e-02
  -3.7491579e-02   5.1040826e-02
  -4.4989892e-02   5.3683363e-02
  -5.2488204e-02   5.6421319e-02
  -5.9986517e-02   5.9257830e-02
  -6.7484830e-02   6.2196337e-02
  -7.4983142e-02   6.5240608e-02
  -8.2481455e-02   6.8394761e-02
  -8.9979768e-02   7.1663286e-02
  -9.7478080e-02   7.5051076e-02
  -1.0497639e-01   7.8563459e-02
  -1.1247471e-01   8.2206233e-02
  -1.1997302e-01   8.5985710e-02
  -1.2747133e-01   8.9908758e-02
  -1.3496964e-01   9.3982862e-02
  -1.4246796e-01   9.8216177e-02
  -1.4996627e-01   1.0261760e-01
  -1.5746458e-01   1.0719687e-01
  -1.6496289e-01   1.1196460e-01
  -1.7246121e-01   1.1693246e-01
  -1.7995952e-01   1.2211325e-01
  -1.8745783e-01   1.2752103e-01
  -1.9495614e-01   1.3317132e-01
  -2.0245446e-01   1.3908125e-01
  -2.0995277e-01   1.4526979e-01
  -2.1745108e-01   1.5175799e-01
  -2.2494939e-01   1.5856929e-01
  -2.3244771e-01   1.6572981e-01
  -2.3994602e-01   1.7326884e-01
  -2.4744433e-01   1.8121919e-01
  -2.5494265e-01   1.8961784e-01
  -2.6244096e-01   1.9850653e-01
  -2.6993927e-01   2.0793258e-01
  -2.7743758e-01   2.1794976e-01
  -2.8493590e-01   2.2861945e-01
  -2.9243421e-01   2.4001191e-01
  -2.9993252e-01   2.5220793e-01
  -3.0743083e-01   2.6530069e-01
  -3.1492915e-01   2.7939817e-01
  -3.2242746e-01   2.9462594e-01
  -3.2992577e-01   3.1113065e-01
  -3.3742408e-01   3.2908427e-01
  -3.4492240e-01   3.4868927e-01
  -3.5242071e-01   3.7018494e-01
  -3.5991902e-01   3.9385503e-01
  -3.6741734e-01   4.2003689e-01
  -3.7491565e-01   4.4913206e-01
  -3.8241396e-01   4.8161738e-01
  -3.8991227e-01   5.1803406e-01
  -3.9740442e-01   5.5891756e-01
  -4.0485372e-01   6.0481309e-01
  -4.1219438e-01   6.5595257e-01
  -4.1935860e-01   7.1228600e-01
  -4.2628514e-01   7.7339037e-01
  -4.3292123e-01   8.3828760e-01
  -4.3922384e-01   9.0524058e-01
  -4.4516030e-01   9.7153307e-01
  -4.5070838e-01   1.0332592e+00
  -4.5585574e-01   1.0851551e+00
  -4.6059905e-01   1.1205052e+00
  -4.6494277e-01   1.1311421e+00
  -4.6889784e-01   1.1075370e+00
  -4.7248026e-01   1.0389455e+00
  -4.7570984e-01   9.1354986e-01
  -4.7860893e-01   7.1852350e-01
  -4.8120137e-01   4.3995011e-01
  -4.8351168e-01   6.2551633e-02
  -4.8556427e-01  -4.3079506e-01
  -4.8738293e-01  -1.0597501e+00
  -4.8899045e-01  -1.8474000e+00
  -4.9040832e-01  -2.8213399e+00
  -4.9165656e-01  -4.0149634e+00
  -4.9275365e-01  -5.4690064e+00
  -4.9371649e-01  -7.2334260e+00
  -4.9456043e-01  -9.3697423e+00
  -4.9529932e-01  -1.1954031e+01
  -4.9594561e-01  -1.5080829e+01
  -4.9651042e-01  -1.8868348e+01
  -4.9700365e-01  -2.3465550e+01
  -4.9743408e-01  -2.9061955e+01
  -4.9780951e-01  -3.5901488e+01
  -4.9813679e-01  -4.4302471e+01
  -4.9842197e-01  -5.4687191e+01
  -4.9867038e-01  -6.7626825e+01
  -4.9888669e-01  -8.3911906e+01
  -4.9907499e-01  -1.0466695e+02
  -4.9923887e-01  -1.3154514e+02
  -4.9938146e-01  -1.6707655e+02
  -4.9950550e-01  -2.1533174e+02
  -4.9961340e-01  -2.8329098e+02
  -4.9970723e-01  -3.8397534e+02
  -4.9978883e-01  -5.4467813e+02
  -4.9985977e-01  -8.3343643e+02
  -4.9992145e-01  -1.4826072e+03
  -4.9997507e-01  -4.7752862e+03
