   4.9997507e-01   2.0136838e+00
   4.9992145e-01   1.5901880e+00
   4.9985977e-01   1.3683978e+00
   4.9978883e-01   1.2300074e+00
   4.9970723e-01   1.1292897e+00
   4.9961340e-01   1.0481611e+00
   4.9950550e-01   9.7874730e-01
   4.9938146e-01   9.1709016e-01
   4.9923887e-01   8.6091282e-01
   4.9907499e-01   8.0877083e-01
   4.9888669e-01   7.5968388e-01
   4.9867038e-01   7.1295351e-01
   4.9842197e-01   6.6806317e-01
   4.9813678e-01   6.2461952e-01
   4.9780950e-01   5.8231622e-01
   4.9743408e-01   5.4091101e-01
   4.9700364e-01   5.0021126e-01
   4.9651041e-01   4.6006530e-01
   4.9594561e-01   4.2035831e-01
   4.9529932e-01   3.8101182e-01
   4.9456042e-01   3.4198617e-01
   4.9371648e-01   3.0328534e-01
   4.9275364e-01   2.6496300e-01
   4.9165655e-01   2.2712847e-01
   4.9040831e-01   1.8995071e-01
   4.8899044e-01   1.5365844e-01
   4.8738291e-01   1.1853451e-01
   4.8556425e-01   8.4903594e-02
   4.8351166e-01   5.3113279e-02
   4.8120136e-01   2.3510174e-02
   4.7860891e-01  -3.5860575e-03
   4.7570982e-01  -2.7907137e-02
   4.7248024e-01  -4.9255687e-02
   4.6889781e-01  -6.7517504e-02
   4.6494275e-01  -8.2665850e-02
   4.6059902e-01  -9.4758566e-02
   4.5585571e-01  -1.0392976e-01
   4.5070835e-01  -1.1037806e-01
   4.4516027e-01  -1.1435320e-01
   4.3922381e-01  -1.1614180e-01
   4.3292120e-01  -1.1605320e-01
   4.2628511e-01  -1.1440562e-01
   4.1935856e-01  -1.1151302e-01
   4.1219434e-01  -1.0767333e-01
   4.0485369e-01  -1.0315789e-01
   3.9740439e-01  -9.8198544e-02
   3.8991224e-01  -9.3020932e-02
   3.8241393e-01  -8.7786834e-02
   3.7491562e-01  -8.2567086e-02
   3.6741730e-01  -7.7409763e-02
   3.5991899e-01  -7.2350987e-02
   3.5242068e-01  -6.7415438e-02
   3.4492237e-01  -6.2619001e-02
   3.3742405e-01  -5.7971001e-02
   3.2992574e-01  -5.3475934e-02
   3.2242743e-01  -4.9134767e-02
   3.1492911e-01  -4.4945926e-02
   3.0743080e-01  -4.0906022e-02
   2.9993249e-01  -3.7010410e-02
   2.9243418e-01  -3.3253589e-02
   2.8493586e-01  -2.9629520e-02
   2.7743755e-01  -2.6131846e-02
   2.6993924e-01  -2.2754062e-02
   2.6244093e-01  -1.9489640e-02
   2.5494261e-01  -1.6332118e-02
   2.4744430e-01  -1.3275160e-02
   2.3994599e-01  -1.0312601e-02
   2.3244768e-01  -7.4384774e-03
   2.2494936e-01  -4.6470419e-03
   2.1745105e-01  -1.9327732e-03
   2.0995274e-01   7.0962145e-04
   2.0245443e-01   3.2852081e-03
   1.9495611e-01   5.7988316e-03
   1.8745780e-01   8.2551235e-03
   1.7995949e-01   1.0658511e-02
   1.7246117e-01   1.3013229e-02
   1.6496286e-01   1.5323329e-02
   1.5746455e-01   1.7592695e-02
   1.4996624e-01   1.9825050e-02
   1.4246792e-01   2.2023972e-02
   1.3496961e-01   2.4192906e-02
   1.2747130e-01   2.6335174e-02
   1.1997299e-01   2.8453987e-02
   1.1247467e-01   3.0552456e-02
   1.0497636e-01   3.2633606e-02
   9.7478048e-02   3.4700381e-02
   8.9979736e-02   3.6755661e-02
   8.2481423e-02   3.8802268e-02
   7.4983110e-02   4.0842979e-02
   6.7484798e-02   4.2880534e-02
   5.9986485e-02   4.4917649e-02
   5.2488173e-02   4.6957021e-02
   4.4989860e-02   4.9001345e-02
   3.7491547e-02   5.1053319e-02
   2.9993235e-02   5.3115655e-02
   2.2494922e-02   5.5191093e-02
   1.4996609e-02   5.7282408e-02
   7.4982967e-03   5.9392425e-02
  -1.5895382e-08   6.1524028e-02
  -7.4983285e-03   6.3680175e-02
  -1.4996641e-02   6.5863909e-02
  -2.2494954e-02   6.8078374e-02
  -2.9993266e-02   7.0326829e-02
  -3.7491579e-02   7.2612668e-02
  -4.4989892e-02   7.4939434e-02
  -5.2488204e-02   7.7310838e-02
  -5.9986517e-02   7.9730787e-02
  -6.7484830e-02   8.2203401e-02
  -7.4983142e-02   8.4733044e-02
  -8.2481455e-02   8.7324352e-02
  -8.9979768e-02   8.9982267e-02
  -9.7478080e-02   9.2712074e-02
  -1.0497639e-01   9.5519445e-02
  -1.1247471e-01   9.8410484e-02
  -1.1997302e-01   1.0139178e-01
  -1.2747133e-01   1.0447049e-01
  -1.3496964e-01   1.0765435e-01
  -1.4246796e-01   1.1095183e-01
  -1.4996627e-01   1.1437217e-01
  -1.5746458e-01   1.1792549e-01
  -1.6496289e-01   1.2162291e-01
  -1.7246121e-01   1.2547666e-01
  -1.7995952e-01   1.2950022e-01
  -1.8745783e-01   1.3370846e-01
  -1.9495614e-01   1.3811780e-01
  -2.0245446e-01   1.4274636e-01
  -2.0995277e-01   1.4761415e-01
  -2.1745108e-01   1.5274322e-01
  -2.2494939e-01   1.5815785e-01
  -2.3244771e-01   1.6388472e-01
  -2.3994602e-01   1.6995305e-01
  -2.4744433e-01   1.7639481e-01
  -2.5494265e-01   1.8324486e-01
  -2.6244096e-01   1.9054113e-01
  -2.6993927e-01   1.9832487e-01
  -2.7743758e-01   2.0664097e-01
  -2.8493590e-01   2.1553833e-01
  -2.9243421e-01   2.2507056e-01
  -2.9993252e-01   2.3529691e-01
  -3.0743083e-01   2.4628361e-01
  -3.1492915e-01   2.5810589e-01
  -3.2242746e-01   2.7085072e-01
  -3.2992577e-01   2.8462069e-01
  -3.3742408e-01   2.9953917e-01
  -3.4492240e-01   3.1575735e-01
  -3.5242071e-01   3.3346356e-01
  -3.5991902e-01   3.5289567e-01
  -3.6741734e-01   3.7435760e-01
  -3.7491565e-01   3.9824174e-01
  -3.8241396e-01   4.2506027e-01
  -3.8991227e-01   4.5548519e-01
  -3.9740442e-01   4.9035573e-01
  -4.0485372e-01   5.3060717e-01
  -4.1219438e-01   5.7725228e-01
  -4.1935860e-01   6.3145556e-01
  -4.2628514e-01   6.9457258e-01
  -4.3292123e-01   7.6816971e-01
  -4.3922384e-01   8.5404840e-01
  -4.4516030e-01   9.5427972e-01
  -4.5070838e-01   1.0712537e+00
  -4.5585574e-01   1.2077468e+00
  -4.6059905e-01   1.3670082e+00
  -4.6494277e-01   1.5528651e+00
  -4.6889784e-01   1.7698438e+00
  -4.7248026e-01   2.0233027e+00
  -4.7570984e-01   2.3195718e+00
  -4.7860893e-01   2.6660853e+00
  -4.8120137e-01   3.0714774e+00
  -4.8351168e-01   3.5455749e+00
  -4.8556427e-01   4.0991562e+00
  -4.8738293e-01   4.7432353e+00
  -4.8899045e-01   5.4874881e+00
  -4.9040832e-01   6.3372879e+00
  -4.9165656e-01   7.2887833e+00
  -4.9275365e-01   8.3217001e+00
  -4.9371649e-01   9.3902779e+00
  -4.9456043e-01   1.0413930e+01
  -4.9529932e-01   1.1270361e+01
  -4.9594561e-01   1.1794032e+01
  -4.9651042e-01   1.1781144e+01
  -4.9700365e-01   1.0998998e+01
  -4.9743408e-01   9.1941688e+00
  -4.9780951e-01   6.0925414e+00
  -4.9813679e-01   1.3852362e+00
  -4.9842197e-01  -5.3035745e+00
  -4.9867038e-01  -1.4470724e+01
  -4.9888669e-01  -2.6817586e+01
  -4.9907499e-01  -4.3380958e+01
  -4.9923887e-01  -6.5750761e+01
  -4.9938146e-01  -9.6460519e+01
  -4.9950550e-01  -1.3974776e+02
  -4.9961340e-01  -2.0318135e+02
  -4.9970723e-01  -3.0158681e+02
  -4.9978883e-01  -4.6816294e+02
  -4.9985977e-01  -7.9378037e+02
  -4.9992145e-01  -1.6228790e+03
  -4.9997507e-01  -5.6881166e+03
