   4.9997507e-01   1.4914253e+00
   4.9992145e-01   1.2010059e+00
   4.9985977e-01   1.0614391e+00
   4.9978883e-01   9.7260430e-01
   4.9970723e-01   9.0619061e-01
   4.9961340e-01   8.5209950e-01
   4.9950550e-01   8.0570779e-01
   4.9938146e-01   7.6453938e-01
   4.9923887e-01   7.2711145e-01
   4.9907499e-01   6.9246178e-01
   4.9888669e-01   6.5992730e-01
   4.9867038e-01   6.2902870e-01
   4.9842197e-01   5.9940556e-01
   4.9813678e-01   5.7077743e-01
   4.9780950e-01   5.4291938e-01
   4.9743408e-01   5.1564609e-01
   4.9700364e-01   4.8880118e-01
   4.9651041e-01   4.6224996e-01
   4.9594561e-01   4.3587462e-01
   4.9529932e-01   4.0957128e-01
   4.9456042e-01   3.8324864e-01
   4.9371648e-01   3.5682820e-01
   4.9275364e-01   3.3024613e-01
   4.9165655e-01   3.0345683e-01
   4.9040831e-01   2.7643824e-01
   4.8899044e-01   2.4919852e-01
   4.8738291e-01   2.2178364e-01
   4.8556425e-01   1.9428454e-01
   4.8351166e-01   1.6684252e-01
   4.8120136e-01   1.3965100e-01
   4.7860891e-01   1.1295197e-01
   4.7570982e-01   8.7026146e-02
   4.7248024e-01   6.2177052e-02
   4.6889781e-01   3.8710328e-02
   4.6494275e-01   1.6911108e-02
   4.6059902e-01  -2.9773255e-03
   4.5585571e-01  -2.0770525e-02
   4.5070835e-01  -3.6353483e-02
   4.4516027e-01  -4.9684208e-02
   4.3922381e-01  -6.0790928e-02
   4.3292120e-01  -6.9764350e-02
   4.2628511e-01  -7.6746711e-02
   4.1935856e-01  -8.1918992e-02
   4.1219434e-01  -8.5488136e-02
   4.0485369e-01  -8.7671809e-02
   3.9740439e-01  -8.8674910e-02
   3.8991224e-01  -8.8740985e-02
   3.8241393e-01  -8.8108440e-02
   3.7491562e-01  -8.6909813e-02
   3.6741730e-01  -8.5258198e-02
   3.5991899e-01  -8.3250063e-02
   3.5242068e-01  -8.0963055e-02
   3.4492237e-01  -7.8459703e-02
   3.3742405e-01  -7.5790469e-02
   3.2992574e-01  -7.2996145e-02
   3.2242743e-01  -7.0109735e-02
   3.1492911e-01  -6.7157939e-02
   3.0743080e-01  -6.4162327e-02
   2.9993249e-01  -6.1140281e-02
   2.9243418e-01  -5.8105745e-02
   2.8493586e-01  -5.5069837e-02
   2.7743755e-01  -5.2041347e-02
   2.6993924e-01  -4.9027138e-02
   2.6244093e-01  -4.6032479e-02
   2.5494261e-01  -4.3061323e-02
   2.4744430e-01  -4.0116525e-02
   2.3994599e-01  -3.7200036e-02
   2.3244768e-01  -3.4313055e-02
   2.2494936e-01  -3.1456155e-02
   2.1745105e-01  -2.8629398e-02
   2.0995274e-01  -2.5832414e-02
   2.0245443e-01  -2.3064484e-02
   1.9495611e-01  -2.0324598e-02
   1.8745780e-01  -1.7611505e-02
   1.7995949e-01  -1.4923760e-02
   1.7246117e-01  -1.2259753e-02
   1.6496286e-01  -9.6177457e-03
   1.5746455e-01  -6.9958898e-03
   1.4996624e-01  -4.3922487e-03
   1.4246792e-01  -1.8048127e-03
   1.3496961e-01   7.6848773e-04
   1.2747130e-01   3.3297729e-03
   1.1997299e-01   5.8812059e-03
   1.1247467e-01   8.4249870e-03
   1.0497636e-01   1.0963350e-02
   9.7478048e-02   1.3498562e-02
   8.9979736e-02   1.6032917e-02
   8.2481423e-02   1.8568742e-02
   7.4983110e-02   2.1108396e-02
   6.7484798e-02   2.3654273e-02
   5.9986485e-02   2.6208804e-02
   5.2488173e-02   2.8774460e-02
   4.4989860e-02   3.1353763e-02
   3.7491547e-02   3.3949284e-02
   2.9993235e-02   3.6563653e-02
   2.2494922e-02   3.9199569e-02
   1.4996609e-02   4.1859802e-02
   7.4982967e-03   4.4547209e-02
  -1.5895382e-08   4.7264736e-02
  -7.4983285e-03   5.0015438e-02
  -1.4996641e-02   5.2802485e-02
  -2.2494954e-02   5.5629176e-02
  -2.9993266e-02   5.8498956e-02
  -3.7491579e-02   6.1415431e-02
  -4.4989892e-02   6.4382384e-02
  -5.2488204e-02   6.7403801e-02
  -5.9986517e-02   7.0483886e-02
  -6.7484830e-02   7.3627088e-02
  -7.4983142e-02   7.6838132e-02
  -8.2481455e-02   8.0122045e-02
  -8.9979768e-02   8.3484192e-02
  -9.7478080e-02   8.6930313e-02
  -1.0497639e-01   9.0466570e-02
  -1.1247471e-01   9.4099590e-02
  -1.1997302e-01   9.7836525e-02
  -1.2747133e-01   1.0168511e-01
  -1.3496964e-01   1.0565372e-01
  -1.4246796e-01   1.0975148e-01
  -1.4996627e-01   1.1398832e-01
  -1.5746458e-01   1.1837507e-01
  -1.6496289e-01   1.2292360e-01
  -1.7246121e-01   1.2764691e-01
  -1.7995952e-01   1.3255927e-01
  -1.8745783e-01   1.3767639e-01
  -1.9495614e-01   1.4301554e-01
  -2.0245446e-01   1.4859578e-01
  -2.0995277e-01   1.5443812e-01
  -2.1745108e-01   1.6056575e-01
  -2.2494939e-01   1.6700428e-01
  -2.3244771e-01   1.7378201e-01
  -2.3994602e-01   1.8093021e-01
  -2.4744433e-01   1.8848344e-01
  -2.5494265e-01   1.9647995e-01
  -2.6244096e-01   2.0496209e-01
  -2.6993927e-01   2.1397682e-01
  -2.7743758e-01   2.2357635e-01
  -2.8493590e-01   2.3381891e-01
  -2.9243421e-01   2.4476968e-01
  -2.9993252e-01   2.5650211e-01
  -3.0743083e-01   2.6909949e-01
  -3.1492915e-01   2.8265712e-01
  -3.2242746e-01   2.9728513e-01
  -3.2992577e-01   3.1311222e-01
  -3.3742408e-01   3.3029068e-01
  -3.4492240e-01   3.4900305e-01
  -3.5242071e-01   3.6947106e-01
  -3.5991902e-01   3.9196780e-01
  -3.6741734e-01   4.1683424e-01
  -3.7491565e-01   4.4450213e-01
  -3.8241396e-01   4.7552670e-01
  -3.8991227e-01   5.1062522e-01
  -3.9740442e-01   5.5068040e-01
  -4.0485372e-01   5.9669555e-01
  -4.1219438e-01   6.4972280e-01
  -4.1935860e-01   7.1098057e-01
  -4.2628514e-01   7.8191481e-01
  -4.3292123e-01   8.6422822e-01
  -4.3922384e-01   9.5991433e-01
  -4.4516030e-01   1.0712975e+00
  -4.5070838e-01   1.2010828e+00
  -4.5585574e-01   1.3524193e+00
  -4.6059905e-01   1.5289815e+00
  -4.6494277e-01   1.7350702e+00
  -4.6889784e-01   1.9757371e+00
  -4.7248026e-01   2.2569287e+00
  -4.7570984e-01   2.5856477e+00
  -4.7860893e-01   2.9701174e+00
  -4.8120137e-01   3.4199249e+00
  -4.8351168e-01   3.9460913e+00
  -4.8556427e-01   4.5609810e+00
  -4.8738293e-01   5.2778971e+00
  -4.8899045e-01   6.1101333e+00
  -4.9040832e-01   7.0691717e+00
  -4.9165656e-01   8.1616656e+00
  -4.9275365e-01   9.3849027e+00
  -4.9371649e-01   1.0720663e+01
  -4.9456043e-01   1.2127824e+01
  -4.9529932e-01   1.3534639e+01
  -4.9594561e-01   1.4832087e+01
  -4.9651042e-01   1.5869731e+01
  -4.9700365e-01   1.6454727e+01
  -4.9743408e-01   1.6353131e+01
  -4.9780951e-01   1.5290612e+01
  -4.9813679e-01   1.2948012e+01
  -4.9842197e-01   8.9458881e+00
  -4.9867038e-01   2.8110875e+00
  -4.9888669e-01  -6.0841378e+00
  -4.9907499e-01  -1.8626560e+01
  -4.9923887e-01  -3.6141957e+01
  -4.9938146e-01  -6.0719703e+01
  -4.9950550e-01  -9.5841274e+01
  -4.9961340e-01  -1.4771363e+02
  -4.9970723e-01  -2.2844781e+02
  -4.9978883e-01  -3.6491679e+02
  -4.9985977e-01  -6.2951895e+02
  -4.9992145e-01  -1.2956711e+03
  -4.9997507e-01  -4.0908935e+03
