   4.9997507e-01   1.3003134e+00
   4.9992145e-01   1.0308785e+00
   4.9985977e-01   9.0085349e-01
   4.9978883e-01   8.2019528e-01
   4.9970723e-01   7.6078351e-01
   4.9961340e-01   7.1267232e-01
   4.9950550e-01   6.7154789e-01
   4.9938146e-01   6.3516015e-01
   4.9923887e-01   6.0217747e-01
   4.9907499e-01   5.7174277e-01
   4.9888669e-01   5.4327043e-01
   4.9867038e-01   5.1634164e-01
   4.9842197e-01   4.9064593e-01
   4.9813678e-01   4.6594621e-01
   4.9780950e-01   4.4205697e-01
   4.9743408e-01   4.1883006e-01
   4.9700364e-01   3.9614510e-01
   4.9651041e-01   3.7390292e-01
   4.9594561e-01   3.5202098e-01
   4.9529932e-01   3.3043011e-01
   4.9456042e-01   3.0907248e-01
   4.9371648e-01   2.8790030e-01
   4.9275364e-01   2.6687551e-01
   4.9165655e-01   2.4597031e-01
   4.9040831e-01   2.2516853e-01
   4.8899044e-01   2.0446798e-01
   4.8738291e-01   1.8388339e-01
   4.8556425e-01   1.6344990e-01
   4.8351166e-01   1.4322626e-01
   4.8120136e-01   1.2329737e-01
   4.7860891e-01   1.0377497e-01
   4.7570982e-01   8.4795962e-02
   4.7248024e-01   6.6517654e-02
   4.6889781e-01   4.9109995e-02
   4.6494275e-01   3.2745186e-02
   4.6059902e-01   1.7585810e-02
   4.5585571e-01   3.7729324e-03
   4.5070835e-01  -8.5843276e-03
   4.4516027e-01  -1.9416445e-02
   4.3922381e-01  -2.8697603e-02
   4.3292120e-01  -3.6446058e-02
   4.2628511e-01  -4.2721064e-02
   4.1935856e-01  -4.7617006e-02
   4.1219434e-01  -5.1255457e-02
   4.0485369e-01  -5.3774719e-02
   3.9740439e-01  -5.5322353e-02
   3.8991224e-01  -5.6071397e-02
   3.8241393e-01  -5.6185029e-02
   3.7491562e-01  -5.5780595e-02
   3.6741730e-01  -5.4953714e-02
   3.5991899e-01  -5.3783964e-02
   3.5242068e-01  -5.2336532e-02
   3.4492237e-01  -5.0664883e-02
   3.3742405e-01  -4.8812997e-02
   3.2992574e-01  -4.6817145e-02
   3.2242743e-01  -4.4707308e-02
   3.1492911e-01  -4.2508294e-02
   3.0743080e-01  -4.0240649e-02
   2.9993249e-01  -3.7921384e-02
   2.9243418e-01  -3.5564563e-02
   2.8493586e-01  -3.3181794e-02
   2.7743755e-01  -3.0782623e-02
   2.6993924e-01  -2.8374865e-02
   2.6244093e-01  -2.5964876e-02
   2.5494261e-01  -2.3557781e-02
   2.4744430e-01  -2.1157666e-02
   2.3994599e-01  -1.8767734e-02
   2.3244768e-01  -1.6390441e-02
   2.2494936e-01  -1.4027610e-02
   2.1745105e-01  -1.1680524e-02
   2.0995274e-01  -9.3500059e-03
   2.0245443e-01  -7.0364909e-03
   1.9495611e-01  -4.7400790e-03
   1.8745780e-01  -2.4605862e-03
   1.7995949e-01  -1.9758537e-04
   1.7246117e-01   2.0495592e-03
   1.6496286e-01   4.2816626e-03
   1.5746455e-01   6.4996944e-03
   1.4996624e-01   8.7047582e-03
   1.4246792e-01   1.0898074e-02
   1.3496961e-01   1.3080966e-02
   1.2747130e-01   1.5254846e-02
   1.1997299e-01   1.7421212e-02
   1.1247467e-01   1.9581633e-02
   1.0497636e-01   2.1737747e-02
   9.7478048e-02   2.3891257e-02
   8.9979736e-02   2.6043929e-02
   8.2481423e-02   2.8197588e-02
   7.4983110e-02   3.0354118e-02
   6.7484798e-02   3.2515466e-02
   5.9986485e-02   3.4683641e-02
   5.2488173e-02   3.6860716e-02
   4.4989860e-02   3.9048835e-02
   3.7491547e-02   4.1250213e-02
   2.9993235e-02   4.3467148e-02
   2.2494922e-02   4.5702019e-02
   1.4996609e-02   4.7957302e-02
   7.4982967e-03   5.0235572e-02
  -1.5895382e-08   5.2539518e-02
  -7.4983285e-03   5.4871951e-02
  -1.4996641e-02   5.7235815e-02
  -2.2494954e-02   5.9634208e-02
  -2.9993266e-02   6.2070388e-02
  -3.7491579e-02   6.4547799e-02
  -4.4989892e-02   6.7070084e-02
  -5.2488204e-02   6.9641116e-02
  -5.9986517e-02   7.2265012e-02
  -6.7484830e-02   7.4946169e-02
  -7.4983142e-02   7.7689293e-02
  -8.2481455e-02   8.0499433e-02
  -8.9979768e-02   8.3382020e-02
  -9.7478080e-02   8.6342911e-02
  -1.0497639e-01   8.9388437e-02
  -1.1247471e-01   9.2525456e-02
  -1.1997302e-01   9.5761410e-02
  -1.2747133e-01   9.9104391e-02
  -1.3496964e-01   1.0256321e-01
  -1.4246796e-01   1.0614746e-01
  -1.4996627e-01   1.0986762e-01
  -1.5746458e-01   1.1373511e-01
  -1.6496289e-01   1.1776239e-01
  -1.7246121e-01   1.2196305e-01
  -1.7995952e-01   1.2635190e-01
  -1.8745783e-01   1.3094507e-01
  -1.9495614e-01   1.3576006e-01
  -2.0245446e-01   1.4081587e-01
  -2.0995277e-01   1.4613309e-01
  -2.1745108e-01   1.5173396e-01
  -2.2494939e-01   1.5764246e-01
  -2.3244771e-01   1.6388445e-01
  -2.3994602e-01   1.7048777e-01
  -2.4744433e-01   1.7748241e-01
  -2.5494265e-01   1.8490070e-01
  -2.6244096e-01   1.9277763e-01
  -2.6993927e-01   2.0115125e-01
  -2.7743758e-01   2.1006323e-01
  -2.8493590e-01   2.1955965e-01
  -2.9243421e-01   2.2969208e-01
  -2.9993252e-01   2.4051900e-01
  -3.0743083e-01   2.5210770e-01
  -3.1492915e-01   2.6453686e-01
  -3.2242746e-01   2.7789977e-01
  -3.2992577e-01   2.9230870e-01
  -3.3742408e-01   3.0790045e-01
  -3.4492240e-01   3.2484360e-01
  -3.5242071e-01   3.4334804e-01
  -3.5991902e-01   3.6367745e-01
  -3.6741734e-01   3.8616606e-01
  -3.7491565e-01   4.1124145e-01
  -3.8241396e-01   4.3945617e-01
  -3.8991227e-01   4.7152620e-01
  -3.9740442e-01   5.0833785e-01
  -4.0485372e-01   5.5087635e-01
  -4.1219438e-01   6.0020639e-01
  -4.1935860e-01   6.5754886e-01
  -4.2628514e-01   7.2432643e-01
  -4.3292123e-01   8.0219025e-01
  -4.3922384e-01   8.9305048e-01
  -4.4516030e-01   9.9911464e-01
  -4.5070838e-01   1.1229351e+00
  -4.5585574e-01   1.2674649e+00
  -4.6059905e-01   1.4361157e+00
  -4.6494277e-01   1.6328069e+00
  -4.6889784e-01   1.8619822e+00
  -4.7248026e-01   2.1285520e+00
  -4.7570984e-01   2.4376933e+00
  -4.7860893e-01   2.7944006e+00
  -4.8120137e-01   3.2026386e+00
  -4.8351168e-01   3.6639198e+00
  -4.8556427e-01   4.1751483e+00
  -4.8738293e-01   4.7256840e+00
  -4.8899045e-01   5.2938131e+00
  -4.9040832e-01   5.8431453e+00
  -4.9165656e-01   6.3197526e+00
  -4.9275365e-01   6.6509198e+00
  -4.9371649e-01   6.7459969e+00
  -4.9456043e-01   6.4990355e+00
  -4.9529932e-01   5.7919544e+00
  -4.9594561e-01   4.4963452e+00
  -4.9651042e-01   2.4719920e+00
  -4.9700365e-01  -4.3934613e-01
  -4.9743408e-01  -4.4257805e+00
  -4.9780951e-01  -9.7235277e+00
  -4.9813679e-01  -1.6642966e+01
  -4.9842197e-01  -2.5605689e+01
  -4.9867038e-01  -3.7198971e+01
  -4.9888669e-01  -5.2259791e+01
  -4.9907499e-01  -7.2011501e+01
  -4.9923887e-01  -9.8298491e+01
  -4.9938146e-01  -1.3401355e+02
  -4.9950550e-01  -1.8393181e+02
  -4.9961340e-01  -2.5648419e+02
  -4.9970723e-01  -3.6798088e+02
  -4.9978883e-01  -5.5438735e+02
  -4.9985977e-01  -9.1271575e+02
  -4.9992145e-01  -1.8101691e+03
  -4.9997507e-01  -6.1233885e+03
