   4.9997507e-01   2.0911638e+00
   4.9992145e-01   1.6219421e+00
   4.9985977e-01   1.4925033e+00
   4.9978883e-01   1.3868504e+00
   4.9970723e-01   1.2980821e+00
   4.9961340e-01   1.2207151e+00
   4.9950550e-01   1.1513114e+00
   4.9938146e-01   1.0876536e+00
   4.9923887e-01   1.0282399e+00
   4.9907499e-01   9.7200427e-01
   4.9888669e-01   9.1815769e-01
   4.9867038e-01   8.6609432e-01
   4.9842197e-01   8.1533404e-01
   4.9813678e-01   7.6548611e-01
   4.9780950e-01   7.1622638e-01
   4.9743408e-01   6.6728355e-01
   4.9700364e-01   6.1843267e-01
   4.9651041e-01   5.6949440e-01
   4.9594561e-01   5.2033971e-01
   4.9529932e-01   4.7089918e-01
   4.9456042e-01   4.2117599e-01
   4.9371648e-01   3.7126048e-01
   4.9275364e-01   3.2134359e-01
   4.9165655e-01   2.7172524e-01
   4.9040831e-01   2.2281352e-01
   4.8899044e-01   1.7511135e-01
   4.8738291e-01   1.2918894e-01
   4.8556425e-01   8.5643710e-02
   4.8351166e-01   4.5052558e-02
   4.8120136e-01   7.9238214e-03
   4.7860891e-01  -2.5342837e-02
   4.7570982e-01  -5.4482402e-02
   4.7248024e-01  -7.9373646e-02
   4.6889781e-01  -1.0003278e-01
   4.6494275e-01  -1.1659598e-01
   4.6059902e-01  -1.2929623e-01
   4.5585571e-01  -1.3843912e-01
   4.5070835e-01  -1.4438063e-01
   4.4516027e-01  -1.4750803e-01
   4.3922381e-01  -1.4822344e-01
   4.3292120e-01  -1.4693037e-01
   4.2628511e-01  -1.4402000e-01
   4.1935856e-01  -1.3986372e-01
   4.1219434e-01  -1.3479531e-01
   4.0485369e-01  -1.2912369e-01
   3.9740439e-01  -1.2307400e-01
   3.8991224e-01  -1.1689312e-01
   3.8241393e-01  -1.1076049e-01
   3.7491562e-01  -1.0472623e-01
   3.6741730e-01  -9.8826165e-02
   3.5991899e-01  -9.3088609e-02
   3.5242068e-01  -8.7531168e-02
   3.4492237e-01  -8.2163342e-02
   3.3742405e-01  -7.6988729e-02
   3.2992574e-01  -7.2006712e-02
   3.2242743e-01  -6.7213712e-02
   3.1492911e-01  -6.2604115e-02
   3.0743080e-01  -5.8170955e-02
   2.9993249e-01  -5.3906407e-02
   2.9243418e-01  -4.9802155e-02
   2.8493586e-01  -4.5849654e-02
   2.7743755e-01  -4.2040320e-02
   2.6993924e-01  -3.8365666e-02
   2.6244093e-01  -3.4817392e-02
   2.5494261e-01  -3.1387452e-02
   2.4744430e-01  -2.8068089e-02
   2.3994599e-01  -2.4851863e-02
   2.3244768e-01  -2.1731660e-02
   2.2494936e-01  -1.8700697e-02
   2.1745105e-01  -1.5752512e-02
   2.0995274e-01  -1.2880961e-02
   2.0245443e-01  -1.0080202e-02
   1.9495611e-01  -7.3446833e-03
   1.8745780e-01  -4.6691280e-03
   1.7995949e-01  -2.0485157e-03
   1.7246117e-01   5.2193231e-04
   1.6496286e-01   3.0467701e-03
   1.5746455e-01   5.5303435e-03
   1.4996624e-01   7.9768061e-03
   1.4246792e-01   1.0390135e-02
   1.3496961e-01   1.2774146e-02
   1.2747130e-01   1.5132507e-02
   1.1997299e-01   1.7468755e-02
   1.1247467e-01   1.9786306e-02
   1.0497636e-01   2.2088472e-02
   9.7478048e-02   2.4378470e-02
   8.9979736e-02   2.6659436e-02
   8.2481423e-02   2.8934440e-02
   7.4983110e-02   3.1206490e-02
   6.7484798e-02   3.3478551e-02
   5.9986485e-02   3.5753554e-02
   5.2488173e-02   3.8034405e-02
   4.4989860e-02   4.0323997e-02
   3.7491547e-02   4.2625223e-02
   2.9993235e-02   4.4940987e-02
   2.2494922e-02   4.7274212e-02
   1.4996609e-02   4.9627854e-02
   7.4982967e-03   5.2004916e-02
  -1.5895382e-08   5.4408456e-02
  -7.4983285e-03   5.6841603e-02
  -1.4996641e-02   5.9307568e-02
  -2.2494954e-02   6.1809663e-02
  -2.9993266e-02   6.4351309e-02
  -3.7491579e-02   6.6936057e-02
  -4.4989892e-02   6.9567606e-02
  -5.2488204e-02   7.2249815e-02
  -5.9986517e-02   7.4986732e-02
  -6.7484830e-02   7.7782609e-02
  -7.4983142e-02   8.0641929e-02
  -8.2481455e-02   8.3569430e-02
  -8.9979768e-02   8.6570135e-02
  -9.7478080e-02   8.9649386e-02
  -1.0497639e-01   9.2812875e-02
  -1.1247471e-01   9.6066685e-02
  -1.1997302e-01   9.9417335e-02
  -1.2747133e-01   1.0287183e-01
  -1.3496964e-01   1.0643770e-01
  -1.4246796e-01   1.1012311e-01
  -1.4996627e-01   1.1393687e-01
  -1.5746458e-01   1.1788854e-01
  -1.6496289e-01   1.2198855e-01
  -1.7246121e-01   1.2624827e-01
  -1.7995952e-01   1.3068015e-01
  -1.8745783e-01   1.3529785e-01
  -1.9495614e-01   1.4011641e-01
  -2.0245446e-01   1.4515245e-01
  -2.0995277e-01   1.5042440e-01
  -2.1745108e-01   1.5595271e-01
  -2.2494939e-01   1.6176023e-01
  -2.3244771e-01   1.6787252e-01
  -2.3994602e-01   1.7431831e-01
  -2.4744433e-01   1.8112995e-01
  -2.5494265e-01   1.8834406e-01
  -2.6244096e-01   1.9600216e-01
  -2.6993927e-01   2.0415151e-01
  -2.7743758e-01   2.1284604e-01
  -2.8493590e-01   2.2214741e-01
  -2.9243421e-01   2.3212635e-01
  -2.9993252e-01   2.4286407e-01
  -3.0743083e-01   2.5445400e-01
  -3.1492915e-01   2.6700383e-01
  -3.2242746e-01   2.8063790e-01
  -3.2992577e-01   2.9550012e-01
  -3.3742408e-01   3.1175764e-01
  -3.4492240e-01   3.2960556e-01
  -3.5242071e-01   3.4927324e-01
  -3.5991902e-01   3.7103302e-01
  -3.6741734e-01   3.9521264e-01
  -3.7491565e-01   4.2221327e-01
  -3.8241396e-01   4.5253703e-01
  -3.8991227e-01   4.8682397e-01
  -3.9740442e-01   5.2585461e-01
  -4.0485372e-01   5.7048641e-01
  -4.1219438e-01   6.2160438e-01
  -4.1935860e-01   6.8025126e-01
  -4.2628514e-01   7.4770183e-01
  -4.3292123e-01   8.2550275e-01
  -4.3922384e-01   9.1550904e-01
  -4.4516030e-01   1.0199173e+00
  -4.5070838e-01   1.1412998e+00
  -4.5585574e-01   1.2826450e+00
  -4.6059905e-01   1.4474108e+00
  -4.6494277e-01   1.6395975e+00
  -4.6889784e-01   1.8638486e+00
  -4.7248026e-01   2.1255864e+00
  -4.7570984e-01   2.4311870e+00
  -4.7860893e-01   2.7881993e+00
  -4.8120137e-01   3.2056092e+00
  -4.8351168e-01   3.6941524e+00
  -4.8556427e-01   4.2666813e+00
  -4.8738293e-01   4.9385895e+00
  -4.8899045e-01   5.7282904e+00
  -4.9040832e-01   6.6577271e+00
  -4.9165656e-01   7.7528342e+00
  -4.9275365e-01   9.0437736e+00
  -4.9371649e-01   1.0564583e+01
  -4.9456043e-01   1.2351590e+01
  -4.9529932e-01   1.4439552e+01
  -4.9594561e-01   1.6854080e+01
  -4.9651042e-01   1.9598717e+01
  -4.9700365e-01   2.2635456e+01
  -4.9743408e-01   2.5858907e+01
  -4.9780951e-01   2.9066805e+01
  -4.9813679e-01   3.1932062e+01
  -4.9842197e-01   3.3982009e+01
  -4.9867038e-01   3.4586358e+01
  -4.9888669e-01   3.2945622e+01
  -4.9907499e-01   2.8057537e+01
  -4.9923887e-01   1.8621435e+01
  -4.9938146e-01   2.8135991e+00
  -4.9950550e-01  -2.2194445e+01
  -4.9961340e-01  -6.1273783e+01
  -4.9970723e-01  -1.2375985e+02
  -4.9978883e-01  -2.2996586e+02
  -4.9985977e-01  -4.3284719e+02
  -4.9992145e-01  -9.2419814e+02
  -4.9997507e-01  -3.8601215e+03
