   4.9997507e-01   1.8647027e+00
   4.9992145e-01   1.4779627e+00
   4.9985977e-01   1.2754836e+00
   4.9978883e-01   1.1492638e+00
   4.9970723e-01   1.0575197e+00
   4.9961340e-01   9.8371900e-01
   4.9950550e-01   9.2066210e-01
   4.9938146e-01   8.6473060e-01
   4.9923887e-01   8.1384365e-01
   4.9907499e-01   7.6668125e-01
   4.9888669e-01   7.2234762e-01
   4.9867038e-01   6.8020441e-01
   4.9842197e-01   6.3977926e-01
   4.9813678e-01   6.0071206e-01
   4.9780950e-01   5.6272160e-01
   4.9743408e-01   5.2558420e-01
   4.9700364e-01   4.8911979e-01
   4.9651041e-01   4.5318304e-01
   4.9594561e-01   4.1765826e-01
   4.9529932e-01   3.8245727e-01
   4.9456042e-01   3.4751992e-01
   4.9371648e-01   3.1281697e-01
   4.9275364e-01   2.7835472e-01
   4.9165655e-01   2.4418080e-01
   4.9040831e-01   2.1038984e-01
   4.8899044e-01   1.7712774e-01
   4.8738291e-01   1.4459261e-01
   4.8556425e-01   1.1303100e-01
   4.8351166e-01   8.2728352e-02
   4.8120136e-01   5.3993524e-02
   4.7860891e-01   2.7138679e-02
   4.7570982e-01   2.4567089e-03
   4.7248024e-01  -1.9800742e-02
   4.6889781e-01  -3.9441708e-02
   4.6494275e-01  -5.6346575e-02
   4.6059902e-01  -7.0473996e-02
   4.5585571e-01  -8.1860331e-02
   4.5070835e-01  -9.0613767e-02
   4.4516027e-01  -9.6904604e-02
   4.3922381e-01  -1.0095312e-01
   4.3292120e-01  -1.0301611e-01
   4.2628511e-01  -1.0337284e-01
   4.1935856e-01  -1.0231127e-01
   4.1219434e-01  -1.0011511e-01
   4.0485369e-01  -9.7051020e-02
   3.9740439e-01  -9.3355666e-02
   3.8991224e-01  -8.9266114e-02
   3.8241393e-01  -8.4962556e-02
   3.7491562e-01  -8.0537646e-02
   3.6741730e-01  -7.6058678e-02
   3.5991899e-01  -7.1578106e-02
   3.5242068e-01  -6.7134596e-02
   3.4492237e-01  -6.2756033e-02
   3.3742405e-01  -5.8462051e-02
   3.2992574e-01  -5.4266003e-02
   3.2242743e-01  -5.0176477e-02
   3.1492911e-01  -4.6198448e-02
   3.0743080e-01  -4.2334172e-02
   2.9993249e-01  -3.8583855e-02
   2.9243418e-01  -3.4946186e-02
   2.8493586e-01  -3.1418731e-02
   2.7743755e-01  -2.7998246e-02
   2.6993924e-01  -2.4680914e-02
   2.6244093e-01  -2.1462525e-02
   2.5494261e-01  -1.8338624e-02
   2.4744430e-01  -1.5304608e-02
   2.3994599e-01  -1.2355814e-02
   2.3244768e-01  -9.4875777e-03
   2.2494936e-01  -6.6952762e-03
   2.1745105e-01  -3.9743636e-03
   2.0995274e-01  -1.3203921e-03
   2.0245443e-01   1.2709717e-03
   1.9495611e-01   3.8039374e-03
   1.8745780e-01   6.2825858e-03
   1.7995949e-01   8.7108671e-03
   1.7246117e-01   1.1092602e-02
   1.6496286e-01   1.3431485e-02
   1.5746455e-01   1.5731088e-02
   1.4996624e-01   1.7994867e-02
   1.4246792e-01   2.0226171e-02
   1.3496961e-01   2.2428245e-02
   1.2747130e-01   2.4604239e-02
   1.1997299e-01   2.6757218e-02
   1.1247467e-01   2.8890170e-02
   1.0497636e-01   3.1006012e-02
   9.7478048e-02   3.3107601e-02
   8.9979736e-02   3.5197744e-02
   8.2481423e-02   3.7279201e-02
   7.4983110e-02   3.9354700e-02
   6.7484798e-02   4.1426944e-02
   5.9986485e-02   4.3498617e-02
   5.2488173e-02   4.5572400e-02
   4.4989860e-02   4.7650973e-02
   3.7491547e-02   4.9737028e-02
   2.9993235e-02   5.1833282e-02
   2.2494922e-02   5.3942482e-02
   1.4996609e-02   5.6067418e-02
   7.4982967e-03   5.8210937e-02
  -1.5895382e-08   6.0375950e-02
  -7.4983285e-03   6.2565448e-02
  -1.4996641e-02   6.4782516e-02
  -2.2494954e-02   6.7030348e-02
  -2.9993266e-02   6.9312257e-02
  -3.7491579e-02   7.1631703e-02
  -4.4989892e-02   7.3992303e-02
  -5.2488204e-02   7.6397854e-02
  -5.9986517e-02   7.8852359e-02
  -6.7484830e-02   8.1360051e-02
  -7.4983142e-02   8.3925419e-02
  -8.2481455e-02   8.6553245e-02
  -8.9979768e-02   8.9248632e-02
  -9.7478080e-02   9.2017054e-02
  -1.0497639e-01   9.4864390e-02
  -1.1247471e-01   9.7796982e-02
  -1.1997302e-01   1.0082169e-01
  -1.2747133e-01   1.0394594e-01
  -1.3496964e-01   1.0717782e-01
  -1.4246796e-01   1.1052613e-01
  -1.4996627e-01   1.1400050e-01
  -1.5746458e-01   1.1761144e-01
  -1.6496289e-01   1.2137046e-01
  -1.7246121e-01   1.2529019e-01
  -1.7995952e-01   1.2938448e-01
  -1.8745783e-01   1.3366850e-01
  -1.9495614e-01   1.3815892e-01
  -2.0245446e-01   1.4287395e-01
  -2.0995277e-01   1.4783354e-01
  -2.1745108e-01   1.5305946e-01
  -2.2494939e-01   1.5857543e-01
  -2.3244771e-01   1.6440728e-01
  -2.3994602e-01   1.7058302e-01
  -2.4744433e-01   1.7713301e-01
  -2.5494265e-01   1.8409014e-01
  -2.6244096e-01   1.9149004e-01
  -2.6993927e-01   1.9937138e-01
  -2.7743758e-01   2.0777630e-01
  -2.8493590e-01   2.1675103e-01
  -2.9243421e-01   2.2634673e-01
  -2.9993252e-01   2.3662073e-01
  -3.0743083e-01   2.4763819e-01
  -3.1492915e-01   2.5947444e-01
  -3.2242746e-01   2.7221800e-01
  -3.2992577e-01   2.8597474e-01
  -3.3742408e-01   3.0087328e-01
  -3.4492240e-01   3.1707207e-01
  -3.5242071e-01   3.3476868e-01
  -3.5991902e-01   3.5421207e-01
  -3.6741734e-01   3.7571881e-01
  -3.7491565e-01   3.9969517e-01
  -3.8241396e-01   4.2666804e-01
  -3.8991227e-01   4.5732398e-01
  -3.9740442e-01   4.9251618e-01
  -4.0485372e-01   5.3319203e-01
  -4.1219438e-01   5.8037248e-01
  -4.1935860e-01   6.3522643e-01
  -4.2628514e-01   6.9911209e-01
  -4.3292123e-01   7.7359975e-01
  -4.3922384e-01   8.6049968e-01
  -4.4516030e-01   9.6190029e-01
  -4.5070838e-01   1.0802202e+00
  -4.5585574e-01   1.2182768e+00
  -4.6059905e-01   1.3793707e+00
  -4.6494277e-01   1.5673870e+00
  -4.6889784e-01   1.7869069e+00
  -4.7248026e-01   2.0433266e+00
  -4.7570984e-01   2.3429680e+00
  -4.7860893e-01   2.6931578e+00
  -4.8120137e-01   3.1022201e+00
  -4.8351168e-01   3.5792781e+00
  -4.8556427e-01   4.1336841e+00
  -4.8738293e-01   4.7737830e+00
  -4.8899045e-01   5.5046151e+00
  -4.9040832e-01   6.3241238e+00
  -4.9165656e-01   7.2176025e+00
  -4.9275365e-01   8.1506074e+00
  -4.9371649e-01   9.0613871e+00
  -4.9456043e-01   9.8547475e+00
  -4.9529932e-01   1.0399561e+01
  -4.9594561e-01   1.0531189e+01
  -4.9651042e-01   1.0057891e+01
  -4.9700365e-01   8.7677335e+00
  -4.9743408e-01   6.4309561e+00
  -4.9780951e-01   2.7929832e+00
  -4.9813679e-01  -2.4454077e+00
  -4.9842197e-01  -9.6633921e+00
  -4.9867038e-01  -1.9374862e+01
  -4.9888669e-01  -3.2311619e+01
  -4.9907499e-01  -4.9554668e+01
  -4.9923887e-01  -7.2755001e+01
  -4.9938146e-01  -1.0453232e+02
  -4.9950550e-01  -1.4925347e+02
  -4.9961340e-01  -2.1469877e+02
  -4.9970723e-01  -3.1607827e+02
  -4.9978883e-01  -4.8739382e+02
  -4.9985977e-01  -8.2155784e+02
  -4.9992145e-01  -1.6700836e+03
  -4.9997507e-01  -5.8108789e+03
