   4.9997507e-01   3.6288451e+00
   4.9992145e-01   2.9415302e+00
   4.9985977e-01   2.4990607e+00
   4.9978883e-01   2.1964773e+00
   4.9970723e-01   1.9769120e+00
   4.9961340e-01   1.8072396e+00
   4.9950550e-01   1.6680023e+00
   4.9938146e-01   1.5479356e+00
   4.9923887e-01   1.4405498e+00
   4.9907499e-01   1.3420106e+00
   4.9888669e-01   1.2499195e+00
   4.9867038e-01   1.1626681e+00
   4.9842197e-01   1.0791088e+00
   4.9813678e-01   9.9838599e-01
   4.9780950e-01   9.1984442e-01
   4.9743408e-01   8.4297824e-01
   4.9700364e-01   7.6740323e-01
   4.9651041e-01   6.9284439e-01
   4.9594561e-01   6.1913408e-01
   4.9529932e-01   5.4621696e-01
   4.9456042e-01   4.7415830e-01
   4.9371648e-01   4.0315187e-01
   4.9275364e-01   3.3352292e-01
   4.9165655e-01   2.6572221e-01
   4.9040831e-01   2.0030762e-01
   4.8899044e-01   1.3791193e-01
   4.8738291e-01   7.9198291e-02
   4.8556425e-01   2.4807838e-02
   4.8351166e-01  -2.4693396e-02
   4.8120136e-01  -6.8860292e-02
   4.7860891e-01  -1.0740044e-01
   4.7570982e-01  -1.4018829e-01
   4.7248024e-01  -1.6726186e-01
   4.6889781e-01  -1.8880571e-01
   4.6494275e-01  -2.0512559e-01
   4.6059902e-01  -2.1662014e-01
   4.5585571e-01  -2.2375373e-01
   4.5070835e-01  -2.2703246e-01
   4.4516027e-01  -2.2698388e-01
   4.3922381e-01  -2.2413977e-01
   4.3292120e-01  -2.1902139e-01
   4.2628511e-01  -2.1212599e-01
   4.1935856e-01  -2.0391603e-01
   4.1219434e-01  -1.9480763e-01
   4.0485369e-01  -1.8516687e-01
   3.9740439e-01  -1.7528713e-01
   3.8991224e-01  -1.6544934e-01
   3.8241393e-01  -1.5584198e-01
   3.7491562e-01  -1.4651558e-01
   3.6741730e-01  -1.3749570e-01
   3.5991899e-01  -1.2879934e-01
   3.5242068e-01  -1.2043359e-01
   3.4492237e-01  -1.1239807e-01
   3.3742405e-01  -1.0468709e-01
   3.2992574e-01  -9.7291344e-02
   3.2242743e-01  -9.0199145e-02
   3.1492911e-01  -8.3397335e-02
   3.0743080e-01  -7.6871930e-02
   2.9993249e-01  -7.0608583e-02
   2.9243418e-01  -6.4592919e-02
   2.8493586e-01  -5.8810761e-02
   2.7743755e-01  -5.3248288e-02
   2.6993924e-01  -4.7892137e-02
   2.6244093e-01  -4.2729469e-02
   2.5494261e-01  -3.7748002e-02
   2.4744430e-01  -3.2936024e-02
   2.3994599e-01  -2.8282399e-02
   2.3244768e-01  -2.3776548e-02
   2.2494936e-01  -1.9408440e-02
   2.1745105e-01  -1.5168562e-02
   2.0995274e-01  -1.1047897e-02
   2.0245443e-01  -7.0378974e-03
   1.9495611e-01  -3.1304528e-03
   1.8745780e-01   6.8213487e-04
   1.7995949e-01   4.4071813e-03
   1.7246117e-01   8.0516471e-03
   1.6496286e-01   1.1622164e-02
   1.5746455e-01   1.5125063e-02
   1.4996624e-01   1.8566395e-02
   1.4246792e-01   2.1951959e-02
   1.3496961e-01   2.5287321e-02
   1.2747130e-01   2.8577839e-02
   1.1997299e-01   3.1828682e-02
   1.1247467e-01   3.5044849e-02
   1.0497636e-01   3.8231191e-02
   9.7478048e-02   4.1392426e-02
   8.9979736e-02   4.4533159e-02
   8.2481423e-02   4.7657897e-02
   7.4983110e-02   5.0771069e-02
   6.7484798e-02   5.3877038e-02
   5.9986485e-02   5.6980120e-02
   5.2488173e-02   6.0084599e-02
   4.4989860e-02   6.3194742e-02
   3.7491547e-02   6.6314817e-02
   2.9993235e-02   6.9449104e-02
   2.2494922e-02   7.2601917e-02
   1.4996609e-02   7.5777614e-02
   7.4982967e-03   7.8980622e-02
  -1.5895382e-08   8.2215444e-02
  -7.4983285e-03   8.5486687e-02
  -1.4996641e-02   8.8799075e-02
  -2.2494954e-02   9.2157469e-02
  -2.9993266e-02   9.5566892e-02
  -3.7491579e-02   9.9032549e-02
  -4.4989892e-02   1.0255985e-01
  -5.2488204e-02   1.0615444e-01
  -5.9986517e-02   1.0982222e-01
  -6.7484830e-02   1.1356939e-01
  -7.4983142e-02   1.1740246e-01
  -8.2481455e-02   1.2132833e-01
  -8.9979768e-02   1.2535426e-01
  -9.7478080e-02   1.2948800e-01
  -1.0497639e-01   1.3373776e-01
  -1.1247471e-01   1.3811232e-01
  -1.1997302e-01   1.4262106e-01
  -1.2747133e-01   1.4727404e-01
  -1.3496964e-01   1.5208209e-01
  -1.4246796e-01   1.5705685e-01
  -1.4996627e-01   1.6221092e-01
  -1.5746458e-01   1.6755795e-01
  -1.6496289e-01   1.7311274e-01
  -1.7246121e-01   1.7889142e-01
  -1.7995952e-01   1.8491159e-01
  -1.8745783e-01   1.9119252e-01
  -1.9495614e-01   1.9775533e-01
  -2.0245446e-01   2.0462331e-01
  -2.0995277e-01   2.1182212e-01
  -2.1745108e-01   2.1938019e-01
  -2.2494939e-01   2.2732911e-01
  -2.3244771e-01   2.3570407e-01
  -2.3994602e-01   2.4454442e-01
  -2.4744433e-01   2.5389436e-01
  -2.5494265e-01   2.6380369e-01
  -2.6244096e-01   2.7432882e-01
  -2.6993927e-01   2.8553393e-01
  -2.7743758e-01   2.9749239e-01
  -2.8493590e-01   3.1028862e-01
  -2.9243421e-01   3.2402033e-01
  -2.9993252e-01   3.3880139e-01
  -3.0743083e-01   3.5476548e-01
  -3.1492915e-01   3.7207072e-01
  -3.2242746e-01   3.9090563e-01
  -3.2992577e-01   4.1149659e-01
  -3.3742408e-01   4.3411728e-01
  -3.4492240e-01   4.5910025e-01
  -3.5242071e-01   4.8685096e-01
  -3.5991902e-01   5.1786427e-01
  -3.6741734e-01   5.5274366e-01
  -3.7491565e-01   5.9222329e-01
  -3.8241396e-01   6.3719529e-01
  -3.8991227e-01   6.8874369e-01
  -3.9740442e-01   7.4811870e-01
  -4.0485372e-01   8.1652176e-01
  -4.1219438e-01   8.9501653e-01
  -4.1935860e-01   9.8471103e-01
  -4.2628514e-01   1.0869387e+00
  -4.3292123e-01   1.2034518e+00
  -4.3922384e-01   1.3366142e+00
  -4.4516030e-01   1.4895424e+00
  -4.5070838e-01   1.6661766e+00
  -4.5585574e-01   1.8712954e+00
  -4.6059905e-01   2.1105122e+00
  -4.6494277e-01   2.3902911e+00
  -4.6889784e-01   2.7180101e+00
  -4.7248026e-01   3.1020926e+00
  -4.7570984e-01   3.5522232e+00
  -4.7860893e-01   4.0796512e+00
  -4.8120137e-01   4.6975816e+00
  -4.8351168e-01   5.4216399e+00
  -4.8556427e-01   6.2703902e+00
  -4.8738293e-01   7.2658724e+00
  -4.8899045e-01   8.4340976e+00
  -4.9040832e-01   9.8053635e+00
  -4.9165656e-01   1.1414113e+01
  -4.9275365e-01   1.3297798e+01
  -4.9371649e-01   1.5493806e+01
  -4.9456043e-01   1.8033003e+01
  -4.9529932e-01   2.0927973e+01
  -4.9594561e-01   2.4153975e+01
  -4.9651042e-01   2.7621625e+01
  -4.9700365e-01   3.1142672e+01
  -4.9743408e-01   3.4393885e+01
  -4.9780951e-01   3.6886968e+01
  -4.9813679e-01   3.7951620e+01
  -4.9842197e-01   3.6731460e+01
  -4.9867038e-01   3.2178887e+01
  -4.9888669e-01   2.3018605e+01
  -4.9907499e-01   7.6328899e+00
  -4.9923887e-01  -1.6202085e+01
  -4.9938146e-01  -5.1857061e+01
  -4.9950550e-01  -1.0495322e+02
  -4.9961340e-01  -1.8574365e+02
  -4.9970723e-01  -3.1473671e+02
  -4.9978883e-01  -5.3776987e+02
  -4.9985977e-01  -9.7529304e+02
  -4.9992145e-01  -2.0512523e+03
  -4.9997507e-01  -6.8916879e+03
