   4.9997507e-01   2.6696480e+00
   4.9992145e-01   2.1683417e+00
   4.9985977e-01   1.8504209e+00
   4.9978883e-01   1.6367605e+00
   4.9970723e-01   1.4834400e+00
   4.9961340e-01   1.3654685e+00
   4.9950550e-01   1.2687346e+00
   4.9938146e-01   1.1853743e+00
   4.9923887e-01   1.1109679e+00
   4.9907499e-01   1.0429208e+00
   4.9888669e-01   9.7959895e-01
   4.9867038e-01   9.1989496e-01
   4.9842197e-01   8.6301277e-01
   4.9813678e-01   8.0835438e-01
   4.9780950e-01   7.5545592e-01
   4.9743408e-01   7.0394896e-01
   4.9700364e-01   6.5353666e-01
   4.9651041e-01   6.0397942e-01
   4.9594561e-01   5.5508724e-01
   4.9529932e-01   5.0671734e-01
   4.9456042e-01   4.5877593e-01
   4.9371648e-01   4.1122326e-01
   4.9275364e-01   3.6408071e-01
   4.9165655e-01   3.1743840e-01
   4.9040831e-01   2.7146109e-01
   4.8899044e-01   2.2639022e-01
   4.8738291e-01   1.8253947e-01
   4.8556425e-01   1.4028245e-01
   4.8351166e-01   1.0003183e-01
   4.8120136e-01   6.2211345e-02
   4.7860891e-01   2.7223807e-02
   4.7570982e-01  -4.5807174e-03
   4.7248024e-01  -3.2931773e-02
   4.6889781e-01  -5.7656853e-02
   4.6494275e-01  -7.8689366e-02
   4.6059902e-01  -9.6066543e-02
   4.5585571e-01  -1.0991936e-01
   4.5070835e-01  -1.2045735e-01
   4.4516027e-01  -1.2795112e-01
   4.3922381e-01  -1.3271471e-01
   4.3292120e-01  -1.3508897e-01
   4.2628511e-01  -1.3542654e-01
   4.1935856e-01  -1.3407843e-01
   4.1219434e-01  -1.3138218e-01
   4.0485369e-01  -1.2765136e-01
   3.9740439e-01  -1.2315917e-01
   3.8991224e-01  -1.1818353e-01
   3.8241393e-01  -1.1293988e-01
   3.7491562e-01  -1.0753529e-01
   3.6741730e-01  -1.0204742e-01
   3.5991899e-01  -9.6537724e-02
   3.5242068e-01  -9.1052110e-02
   3.4492237e-01  -8.5624276e-02
   3.3742405e-01  -8.0278519e-02
   3.2992574e-01  -7.5031942e-02
   3.2242743e-01  -6.9896141e-02
   3.1492911e-01  -6.4878496e-02
   3.0743080e-01  -5.9983160e-02
   2.9993249e-01  -5.5211823e-02
   2.9243418e-01  -5.0564301e-02
   2.8493586e-01  -4.6038993e-02
   2.7743755e-01  -4.1633234e-02
   2.6993924e-01  -3.7343573e-02
   2.6244093e-01  -3.3165987e-02
   2.5494261e-01  -2.9096047e-02
   2.4744430e-01  -2.5129053e-02
   2.3994599e-01  -2.1260128e-02
   2.3244768e-01  -1.7484298e-02
   2.2494936e-01  -1.3796555e-02
   2.1745105e-01  -1.0191895e-02
   2.0995274e-01  -6.6653572e-03
   2.0245443e-01  -3.2120450e-03
   1.9495611e-01   1.7285562e-04
   1.8745780e-01   3.4940648e-03
   1.7995949e-01   6.7562020e-03
   1.7246117e-01   9.9637824e-03
   1.6496286e-01   1.3121217e-02
   1.5746455e-01   1.6232813e-02
   1.4996624e-01   1.9302778e-02
   1.4246792e-01   2.2335227e-02
   1.3496961e-01   2.5334184e-02
   1.2747130e-01   2.8303592e-02
   1.1997299e-01   3.1247319e-02
   1.1247467e-01   3.4169167e-02
   1.0497636e-01   3.7072882e-02
   9.7478048e-02   3.9962159e-02
   8.9979736e-02   4.2840654e-02
   8.2481423e-02   4.5711993e-02
   7.4983110e-02   4.8579782e-02
   6.7484798e-02   5.1447618e-02
   5.9986485e-02   5.4319096e-02
   5.2488173e-02   5.7197825e-02
   4.4989860e-02   6.0087437e-02
   3.7491547e-02   6.2991594e-02
   2.9993235e-02   6.5914010e-02
   2.2494922e-02   6.8858454e-02
   1.4996609e-02   7.1828770e-02
   7.4982967e-03   7.4828888e-02
  -1.5895382e-08   7.7862837e-02
  -7.4983285e-03   8.0934766e-02
  -1.4996641e-02   8.4048958e-02
  -2.2494954e-02   8.7209847e-02
  -2.9993266e-02   9.0422040e-02
  -3.7491579e-02   9.3690336e-02
  -4.4989892e-02   9.7019752e-02
  -5.2488204e-02   1.0041554e-01
  -5.9986517e-02   1.0388323e-01
  -6.7484830e-02   1.0742865e-01
  -7.4983142e-02   1.1105794e-01
  -8.2481455e-02   1.1477764e-01
  -8.9979768e-02   1.1859467e-01
  -9.7478080e-02   1.2251642e-01
  -1.0497639e-01   1.2655079e-01
  -1.1247471e-01   1.3070623e-01
  -1.1997302e-01   1.3499182e-01
  -1.2747133e-01   1.3941735e-01
  -1.3496964e-01   1.4399338e-01
  -1.4246796e-01   1.4873136e-01
  -1.4996627e-01   1.5364371e-01
  -1.5746458e-01   1.5874400e-01
  -1.6496289e-01   1.6404701e-01
  -1.7246121e-01   1.6956898e-01
  -1.7995952e-01   1.7532778e-01
  -1.8745783e-01   1.8134312e-01
  -1.9495614e-01   1.8763685e-01
  -2.0245446e-01   1.9423330e-01
  -2.0995277e-01   2.0115958e-01
  -2.1745108e-01   2.0844614e-01
  -2.2494939e-01   2.1612720e-01
  -2.3244771e-01   2.2424141e-01
  -2.3994602e-01   2.3283255e-01
  -2.4744433e-01   2.4195034e-01
  -2.5494265e-01   2.5165139e-01
  -2.6244096e-01   2.6200020e-01
  -2.6993927e-01   2.7307034e-01
  -2.7743758e-01   2.8494563e-01
  -2.8493590e-01   2.9772149e-01
  -2.9243421e-01   3.1150622e-01
  -2.9993252e-01   3.2642243e-01
  -3.0743083e-01   3.4260840e-01
  -3.1492915e-01   3.6021961e-01
  -3.2242746e-01   3.7943050e-01
  -3.2992577e-01   4.0043677e-01
  -3.3742408e-01   4.2345868e-01
  -3.4492240e-01   4.4874620e-01
  -3.5242071e-01   4.7658716e-01
  -3.5991902e-01   5.0732000e-01
  -3.6741734e-01   5.4135366e-01
  -3.7491565e-01   5.7919801e-01
  -3.8241396e-01   6.2151034e-01
  -3.8991227e-01   6.6915786e-01
  -3.9740442e-01   7.2323095e-01
  -4.0485372e-01   7.8494472e-01
  -4.1219438e-01   8.5565152e-01
  -4.1935860e-01   9.3699333e-01
  -4.2628514e-01   1.0309837e+00
  -4.3292123e-01   1.1400428e+00
  -4.3922384e-01   1.2670224e+00
  -4.4516030e-01   1.4152304e+00
  -4.5070838e-01   1.5884691e+00
  -4.5585574e-01   1.7910973e+00
  -4.6059905e-01   2.0281256e+00
  -4.6494277e-01   2.3053499e+00
  -4.6889784e-01   2.6295218e+00
  -4.7248026e-01   3.0085489e+00
  -4.7570984e-01   3.4517055e+00
  -4.7860893e-01   3.9698229e+00
  -4.8120137e-01   4.5753943e+00
  -4.8351168e-01   5.2824767e+00
  -4.8556427e-01   6.1061646e+00
  -4.8738293e-01   7.0612582e+00
  -4.8899045e-01   8.1595477e+00
  -4.9040832e-01   9.4049850e+00
  -4.9165656e-01   1.0786075e+01
  -4.9275365e-01   1.2265358e+01
  -4.9371649e-01   1.3767041e+01
  -4.9456043e-01   1.5165489e+01
  -4.9529932e-01   1.6278461e+01
  -4.9594561e-01   1.6868488e+01
  -4.9651042e-01   1.6652688e+01
  -4.9700365e-01   1.5316700e+01
  -4.9743408e-01   1.2524592e+01
  -4.9780951e-01   7.9159018e+00
  -4.9813679e-01   1.0831622e+00
  -4.9842197e-01  -8.4741452e+00
  -4.9867038e-01  -2.1423647e+01
  -4.9888669e-01  -3.8712587e+01
  -4.9907499e-01  -6.1743851e+01
  -4.9923887e-01  -9.2671161e+01
  -4.9938146e-01  -1.3493682e+02
  -4.9950550e-01  -1.9433959e+02
  -4.9961340e-01  -2.8135190e+02
  -4.9970723e-01  -4.1665888e+02
  -4.9978883e-01  -6.4615399e+02
  -4.9985977e-01  -1.0901574e+03
  -4.9992145e-01  -2.1709529e+03
  -4.9997507e-01  -6.9374450e+03
