   4.9997507e-01   3.9010221e+00
   4.9992145e-01   3.1323269e+00
   4.9985977e-01   2.6453336e+00
   4.9978883e-01   2.3175300e+00
   4.9970723e-01   2.0813567e+00
   4.9961340e-01   1.8985845e+00
   4.9950550e-01   1.7477112e+00
   4.9938146e-01   1.6167762e+00
   4.9923887e-01   1.4990560e+00
   4.9907499e-01   1.3905945e+00
   4.9888669e-01   1.2888919e+00
   4.9867038e-01   1.1922506e+00
   4.9842197e-01   1.0994522e+00
   4.9813678e-01   1.0095918e+00
   4.9780950e-01   9.2198849e-01
   4.9743408e-01   8.3613765e-01
   4.9700364e-01   7.5168678e-01
   4.9651041e-01   6.6842793e-01
   4.9594561e-01   5.8629913e-01
   4.9529932e-01   5.0539026e-01
   4.9456042e-01   4.2594748e-01
   4.9371648e-01   3.4837109e-01
   4.9275364e-01   2.7320171e-01
   4.9165655e-01   2.0109144e-01
   4.9040831e-01   1.3275949e-01
   4.8899044e-01   6.8935286e-02
   4.8738291e-01   1.0295809e-02
   4.8556425e-01  -4.2593798e-02
   4.8351166e-01  -8.9326988e-02
   4.8120136e-01  -1.2968317e-01
   4.7860891e-01  -1.6363315e-01
   4.7570982e-01  -1.9132485e-01
   4.7248024e-01  -2.1305516e-01
   4.6889781e-01  -2.2923501e-01
   4.6494275e-01  -2.4035427e-01
   4.6059902e-01  -2.4695061e-01
   4.5585571e-01  -2.4958458e-01
   4.5070835e-01  -2.4882059e-01
   4.4516027e-01  -2.4521280e-01
   4.3922381e-01  -2.3929420e-01
   4.3292120e-01  -2.3156779e-01
   4.2628511e-01  -2.2249846e-01
   4.1935856e-01  -2.1250725e-01
   4.1219434e-01  -2.0196329e-01
   4.0485369e-01  -1.9118534e-01
   3.9740439e-01  -1.8041917e-01
   3.8991224e-01  -1.6989906e-01
   3.8241393e-01  -1.5977268e-01
   3.7491562e-01  -1.5005636e-01
   3.6741730e-01  -1.4074841e-01
   3.5991899e-01  -1.3184445e-01
   3.5242068e-01  -1.2333476e-01
   3.4492237e-01  -1.1520568e-01
   3.3742405e-01  -1.0744100e-01
   3.2992574e-01  -1.0002306e-01
   3.2242743e-01  -9.2933529e-02
   3.1492911e-01  -8.6153930e-02
   3.0743080e-01  -7.9666042e-02
   2.9993249e-01  -7.3452135e-02
   2.9243418e-01  -6.7495128e-02
   2.8493586e-01  -6.1778686e-02
   2.7743755e-01  -5.6287268e-02
   2.6993924e-01  -5.1006147e-02
   2.6244093e-01  -4.5921399e-02
   2.5494261e-01  -4.1019890e-02
   2.4744430e-01  -3.6289242e-02
   2.3994599e-01  -3.1717797e-02
   2.3244768e-01  -2.7294582e-02
   2.2494936e-01  -2.3009260e-02
   2.1745105e-01  -1.8852097e-02
   2.0995274e-01  -1.4813914e-02
   2.0245443e-01  -1.0886051e-02
   1.9495611e-01  -7.0603269e-03
   1.8745780e-01  -3.3290019e-03
   1.7995949e-01   3.1525518e-04
   1.7246117e-01   3.8794018e-03
   1.6496286e-01   7.3700525e-03
   1.5746455e-01   1.0793508e-02
   1.4996624e-01   1.4155784e-02
   1.4246792e-01   1.7462636e-02
   1.3496961e-01   2.0719584e-02
   1.2747130e-01   2.3931938e-02
   1.1997299e-01   2.7104815e-02
   1.1247467e-01   3.0243166e-02
   1.0497636e-01   3.3351791e-02
   9.7478048e-02   3.6435361e-02
   8.9979736e-02   3.9498433e-02
   8.2481423e-02   4.2545470e-02
   7.4983110e-02   4.5580857e-02
   6.7484798e-02   4.8608916e-02
   5.9986485e-02   5.1633926e-02
   5.2488173e-02   5.4660132e-02
   4.4989860e-02   5.7691769e-02
   3.7491547e-02   6.0733069e-02
   2.9993235e-02   6.3788284e-02
   2.2494922e-02   6.6861698e-02
   1.4996609e-02   6.9957642e-02
   7.4982967e-03   7.3080515e-02
  -1.5895382e-08   7.6234796e-02
  -7.4983285e-03   7.9425066e-02
  -1.4996641e-02   8.2656025e-02
  -2.2494954e-02   8.5932510e-02
  -2.9993266e-02   8.9259518e-02
  -3.7491579e-02   9.2642230e-02
  -4.4989892e-02   9.6086029e-02
  -5.2488204e-02   9.9596530e-02
  -5.9986517e-02   1.0317961e-01
  -6.7484830e-02   1.0684142e-01
  -7.4983142e-02   1.1058846e-01
  -8.2481455e-02   1.1442757e-01
  -8.9979768e-02   1.1836597e-01
  -9.7478080e-02   1.2241136e-01
  -1.0497639e-01   1.2657190e-01
  -1.1247471e-01   1.3085629e-01
  -1.1997302e-01   1.3527385e-01
  -1.2747133e-01   1.3983456e-01
  -1.3496964e-01   1.4454914e-01
  -1.4246796e-01   1.4942914e-01
  -1.4996627e-01   1.5448703e-01
  -1.5746458e-01   1.5973630e-01
  -1.6496289e-01   1.6519160e-01
  -1.7246121e-01   1.7086887e-01
  -1.7995952e-01   1.7678549e-01
  -1.8745783e-01   1.8296046e-01
  -1.9495614e-01   1.8941462e-01
  -2.0245446e-01   1.9617089e-01
  -2.0995277e-01   2.0325452e-01
  -2.1745108e-01   2.1069347e-01
  -2.2494939e-01   2.1851873e-01
  -2.3244771e-01   2.2676478e-01
  -2.3994602e-01   2.3547014e-01
  -2.4744433e-01   2.4467796e-01
  -2.5494265e-01   2.5443677e-01
  -2.6244096e-01   2.6480138e-01
  -2.6993927e-01   2.7583391e-01
  -2.7743758e-01   2.8760514e-01
  -2.8493590e-01   3.0019607e-01
  -2.9243421e-01   3.1369992e-01
  -2.9993252e-01   3.2822459e-01
  -3.0743083e-01   3.4389574e-01
  -3.1492915e-01   3.6086085e-01
  -3.2242746e-01   3.7929436e-01
  -3.2992577e-01   3.9940449e-01
  -3.3742408e-01   4.2144230e-01
  -3.4492240e-01   4.4571379e-01
  -3.5242071e-01   4.7259613e-01
  -3.5991902e-01   5.0255920e-01
  -3.6741734e-01   5.3619387e-01
  -3.7491565e-01   5.7424814e-01
  -3.8241396e-01   6.1767251e-01
  -3.8991227e-01   6.6767457e-01
  -3.9740442e-01   7.2571718e-01
  -4.0485372e-01   7.9329203e-01
  -4.1219438e-01   8.7173839e-01
  -4.1935860e-01   9.6229323e-01
  -4.2628514e-01   1.0661514e+00
  -4.3292123e-01   1.1846259e+00
  -4.3922384e-01   1.3194368e+00
  -4.4516030e-01   1.4730363e+00
  -4.5070838e-01   1.6488535e+00
  -4.5585574e-01   1.8514016e+00
  -4.6059905e-01   2.0862713e+00
  -4.6494277e-01   2.3600794e+00
  -4.6889784e-01   2.6804419e+00
  -4.7248026e-01   3.0560145e+00
  -4.7570984e-01   3.4966291e+00
  -4.7860893e-01   4.0135422e+00
  -4.8120137e-01   4.6198027e+00
  -4.8351168e-01   5.3307360e+00
  -4.8556427e-01   6.1645285e+00
  -4.8738293e-01   7.1428895e+00
  -4.8899045e-01   8.2917586e+00
  -4.9040832e-01   9.6420022e+00
  -4.9165656e-01   1.1229969e+01
  -4.9275365e-01   1.3097613e+01
  -4.9371649e-01   1.5291580e+01
  -4.9456043e-01   1.7860124e+01
  -4.9529932e-01   2.0845980e+01
  -4.9594561e-01   2.4272499e+01
  -4.9651042e-01   2.8119963e+01
  -4.9700365e-01   3.2289872e+01
  -4.9743408e-01   3.6558144e+01
  -4.9780951e-01   4.0523486e+01
  -4.9813679e-01   4.3562358e+01
  -4.9842197e-01   4.4801678e+01
  -4.9867038e-01   4.3109457e+01
  -4.9888669e-01   3.7081249e+01
  -4.9907499e-01   2.4971683e+01
  -4.9923887e-01   4.4877557e+00
  -4.9938146e-01  -2.7694146e+01
  -4.9950550e-01  -7.6968161e+01
  -4.9961340e-01  -1.5308753e+02
  -4.9970723e-01  -2.7562792e+02
  -4.9978883e-01  -4.8876950e+02
  -4.9985977e-01  -9.0986323e+02
  -4.9992145e-01  -1.9542823e+03
  -4.9997507e-01  -6.6419692e+03
