   4.9997507e-01   1.9516378e+00
   4.9992145e-01   1.6475936e+00
   4.9985977e-01   1.4264255e+00
   4.9978883e-01   1.2804812e+00
   4.9970723e-01   1.1769596e+00
   4.9961340e-01   1.0979361e+00
   4.9950550e-01   1.0334840e+00
   4.9938146e-01   9.7818093e-01
   4.9923887e-01   9.2903330e-01
   4.9907499e-01   8.8430351e-01
   4.9888669e-01   8.4290122e-01
   4.9867038e-01   8.0408635e-01
   4.9842197e-01   7.6732437e-01
   4.9813678e-01   7.3221090e-01
   4.9780950e-01   6.9842849e-01
   4.9743408e-01   6.6571988e-01
   4.9700364e-01   6.3387046e-01
   4.9651041e-01   6.0269638e-01
   4.9594561e-01   5.7203642e-01
   4.9529932e-01   5.4174636e-01
   4.9456042e-01   5.1169541e-01
   4.9371648e-01   4.8176443e-01
   4.9275364e-01   4.5184575e-01
   4.9165655e-01   4.2184480e-01
   4.9040831e-01   3.9168366e-01
   4.8899044e-01   3.6130654e-01
   4.8738291e-01   3.3068694e-01
   4.8556425e-01   2.9983626e-01
   4.8351166e-01   2.6881256e-01
   4.8120136e-01   2.3772824e-01
   4.7860891e-01   2.0675480e-01
   4.7570982e-01   1.7612262e-01
   4.7248024e-01   1.4611444e-01
   4.6889781e-01   1.1705181e-01
   4.6494275e-01   8.9275274e-02
   4.6059902e-01   6.3120390e-02
   4.5585571e-01   3.8892657e-02
   4.5070835e-01   1.6844933e-02
   4.4516027e-01  -2.8397397e-03
   4.3922381e-01  -2.0058031e-02
   4.3292120e-01  -3.4788495e-02
   4.2628511e-01  -4.7086761e-02
   4.1935856e-01  -5.7075239e-02
   4.1219434e-01  -6.4929064e-02
   4.0485369e-01  -7.0856908e-02
   3.9740439e-01  -7.5081598e-02
   3.8991224e-01  -7.7879553e-02
   3.8241393e-01  -7.9551945e-02
   3.7491562e-01  -8.0282172e-02
   3.6741730e-01  -8.0231438e-02
   3.5991899e-01  -7.9539268e-02
   3.5242068e-01  -7.8320400e-02
   3.4492237e-01  -7.6669409e-02
   3.3742405e-01  -7.4664524e-02
   3.2992574e-01  -7.2370658e-02
   3.2242743e-01  -6.9841815e-02
   3.1492911e-01  -6.7123016e-02
   3.0743080e-01  -6.4251837e-02
   2.9993249e-01  -6.1259660e-02
   2.9243418e-01  -5.8172692e-02
   2.8493586e-01  -5.5012795e-02
   2.7743755e-01  -5.1798180e-02
   2.6993924e-01  -4.8543973e-02
   2.6244093e-01  -4.5262688e-02
   2.5494261e-01  -4.1964629e-02
   2.4744430e-01  -3.8658222e-02
   2.3994599e-01  -3.5350290e-02
   2.3244768e-01  -3.2046294e-02
   2.2494936e-01  -2.8750534e-02
   2.1745105e-01  -2.5466313e-02
   2.0995274e-01  -2.2196085e-02
   2.0245443e-01  -1.8941576e-02
   1.9495611e-01  -1.5703885e-02
   1.8745780e-01  -1.2483577e-02
   1.7995949e-01  -9.2807530e-03
   1.7246117e-01  -6.0951175e-03
   1.6496286e-01  -2.9260295e-03
   1.5746455e-01   2.2745028e-04
   1.4996624e-01   3.3665213e-03
   1.4246792e-01   6.4926107e-03
   1.3496961e-01   9.6073464e-03
   1.2747130e-01   1.2712534e-02
   1.1997299e-01   1.5810141e-02
   1.1247467e-01   1.8902277e-02
   1.0497636e-01   2.1991186e-02
   9.7478048e-02   2.5079238e-02
   8.9979736e-02   2.8168920e-02
   8.2481423e-02   3.1262832e-02
   7.4983110e-02   3.4363685e-02
   6.7484798e-02   3.7474304e-02
   5.9986485e-02   4.0597624e-02
   5.2488173e-02   4.3736697e-02
   4.4989860e-02   4.6894695e-02
   3.7491547e-02   5.0074918e-02
   2.9993235e-02   5.3280799e-02
   2.2494922e-02   5.6515915e-02
   1.4996609e-02   5.9784000e-02
   7.4982967e-03   6.3088951e-02
  -1.5895382e-08   6.6434850e-02
  -7.4983285e-03   6.9825974e-02
  -1.4996641e-02   7.3266813e-02
  -2.2494954e-02   7.6762095e-02
  -2.9993266e-02   8.0316799e-02
  -3.7491579e-02   8.3936185e-02
  -4.4989892e-02   8.7625815e-02
  -5.2488204e-02   9.1391585e-02
  -5.9986517e-02   9.5239752e-02
  -6.7484830e-02   9.9176970e-02
  -7.4983142e-02   1.0321032e-01
  -8.2481455e-02   1.0734736e-01
  -8.9979768e-02   1.1159615e-01
  -9.7478080e-02   1.1596531e-01
  -1.0497639e-01   1.2046406e-01
  -1.1247471e-01   1.2510229e-01
  -1.1997302e-01   1.2989057e-01
  -1.2747133e-01   1.3484026e-01
  -1.3496964e-01   1.3996357e-01
  -1.4246796e-01   1.4527358e-01
  -1.4996627e-01   1.5078437e-01
  -1.5746458e-01   1.5651109e-01
  -1.6496289e-01   1.6247004e-01
  -1.7246121e-01   1.6867878e-01
  -1.7995952e-01   1.7515625e-01
  -1.8745783e-01   1.8192290e-01
  -1.9495614e-01   1.8900084e-01
  -2.0245446e-01   1.9641404e-01
  -2.0995277e-01   2.0418853e-01
  -2.1745108e-01   2.1235265e-01
  -2.2494939e-01   2.2093735e-01
  -2.3244771e-01   2.2997660e-01
  -2.3994602e-01   2.3950778e-01
  -2.4744433e-01   2.4957228e-01
  -2.5494265e-01   2.6021615e-01
  -2.6244096e-01   2.7149094e-01
  -2.6993927e-01   2.8345470e-01
  -2.7743758e-01   2.9617326e-01
  -2.8493590e-01   3.0972173e-01
  -2.9243421e-01   3.2418651e-01
  -2.9993252e-01   3.3966761e-01
  -3.0743083e-01   3.5628165e-01
  -3.1492915e-01   3.7416566e-01
  -3.2242746e-01   3.9348172e-01
  -3.2992577e-01   4.1442308e-01
  -3.3742408e-01   4.3722176e-01
  -3.4492240e-01   4.6215862e-01
  -3.5242071e-01   4.8957638e-01
  -3.5991902e-01   5.1989700e-01
  -3.6741734e-01   5.5364512e-01
  -3.7491565e-01   5.9148037e-01
  -3.8241396e-01   6.3424298e-01
  -3.8991227e-01   6.8300603e-01
  -3.9740442e-01   7.3907811e-01
  -4.0485372e-01   8.0394822e-01
  -4.1219438e-01   8.7916287e-01
  -4.1935860e-01   9.6648515e-01
  -4.2628514e-01   1.0679806e+00
  -4.3292123e-01   1.1860626e+00
  -4.3922384e-01   1.3235490e+00
  -4.4516030e-01   1.4837306e+00
  -4.5070838e-01   1.6704532e+00
  -4.5585574e-01   1.8882120e+00
  -4.6059905e-01   2.1422580e+00
  -4.6494277e-01   2.4387034e+00
  -4.6889784e-01   2.7846096e+00
  -4.7248026e-01   3.1880163e+00
  -4.7570984e-01   3.6578446e+00
  -4.7860893e-01   4.2035638e+00
  -4.8120137e-01   4.8344542e+00
  -4.8351168e-01   5.5582482e+00
  -4.8556427e-01   6.3789103e+00
  -4.8738293e-01   7.2933749e+00
  -4.8899045e-01   8.2872638e+00
  -4.9040832e-01   9.3299556e+00
  -4.9165656e-01   1.0369825e+01
  -4.9275365e-01   1.1330802e+01
  -4.9371649e-01   1.2111357e+01
  -4.9456043e-01   1.2586370e+01
  -4.9529932e-01   1.2611255e+01
  -4.9594561e-01   1.2026519e+01
  -4.9651042e-01   1.0660189e+01
  -4.9700365e-01   8.3256253e+00
  -4.9743408e-01   4.8127554e+00
  -4.9780951e-01  -1.2860268e-01
  -4.9813679e-01  -6.8148075e+00
  -4.9842197e-01  -1.5666618e+01
  -4.9867038e-01  -2.7265458e+01
  -4.9888669e-01  -4.2439597e+01
  -4.9907499e-01  -6.2403731e+01
  -4.9923887e-01  -8.8999852e+01
  -4.9938146e-01  -1.2514280e+02
  -4.9950550e-01  -1.7570983e+02
  -4.9961340e-01  -2.4946903e+02
  -4.9970723e-01  -3.6366446e+02
  -4.9978883e-01  -5.5631992e+02
  -4.9985977e-01  -9.2610732e+02
  -4.9992145e-01  -1.8145851e+03
  -4.9997507e-01  -5.6647375e+03
