   4.9997507e-01   4.6994150e+00
   4.9992145e-01   4.0706182e+00
   4.9985977e-01   3.5112250e+00
   4.9978883e-01   3.1021525e+00
   4.9970723e-01   2.7911331e+00
   4.9961340e-01   2.5460404e+00
   4.9950550e-01   2.3449096e+00
   4.9938146e-01   2.1726885e+00
   4.9923887e-01   2.0193447e+00
   4.9907499e-01   1.8783796e+00
   4.9888669e-01   1.7456172e+00
   4.9867038e-01   1.6183097e+00
   4.9842197e-01   1.4945607e+00
   4.9813678e-01   1.3730011e+00
   4.9780950e-01   1.2526305e+00
   4.9743408e-01   1.1327519e+00
   4.9700364e-01   1.0129588e+00
   4.9651041e-01   8.9314598e-01
   4.9594561e-01   7.7352995e-01
   4.9529932e-01   6.5466231e-01
   4.9456042e-01   5.3742303e-01
   4.9371648e-01   4.2298190e-01
   4.9275364e-01   3.1272234e-01
   4.9165655e-01   2.0813032e-01
   4.9040831e-01   1.1066101e-01
   4.8899044e-01   2.1603899e-02
   4.8738291e-01  -5.8030450e-02
   4.8556425e-01  -1.2758296e-01
   4.8351166e-01  -1.8676940e-01
   4.8120136e-01  -2.3565818e-01
   4.7860891e-01  -2.7461564e-01
   4.7570982e-01  -3.0423615e-01
   4.7248024e-01  -3.2527227e-01
   4.6889781e-01  -3.3857510e-01
   4.6494275e-01  -3.4504882e-01
   4.6059902e-01  -3.4561838e-01
   4.5585571e-01  -3.4120689e-01
   4.5070835e-01  -3.3271737e-01
   4.4516027e-01  -3.2101772e-01
   4.3922381e-01  -3.0692192e-01
   4.3292120e-01  -2.9117891e-01
   4.2628511e-01  -2.7444821e-01
   4.1935856e-01  -2.5730741e-01
   4.1219434e-01  -2.4021271e-01
   4.0485369e-01  -2.2355761e-01
   3.9740439e-01  -2.0756824e-01
   3.8991224e-01  -1.9248232e-01
   3.8241393e-01  -1.7840422e-01
   3.7491562e-01  -1.6525835e-01
   3.6741730e-01  -1.5297042e-01
   3.5991899e-01  -1.4147666e-01
   3.5242068e-01  -1.3071573e-01
   3.4492237e-01  -1.2062912e-01
   3.3742405e-01  -1.1116171e-01
   3.2992574e-01  -1.0226211e-01
   3.2242743e-01  -9.3882739e-02
   3.1492911e-01  -8.5979779e-02
   3.0743080e-01  -7.8513041e-02
   2.9993249e-01  -7.1445742e-02
   2.9243418e-01  -6.4744265e-02
   2.8493586e-01  -5.8377910e-02
   2.7743755e-01  -5.2318644e-02
   2.6993924e-01  -4.6540864e-02
   2.6244093e-01  -4.1021173e-02
   2.5494261e-01  -3.5738168e-02
   2.4744430e-01  -3.0672252e-02
   2.3994599e-01  -2.5805458e-02
   2.3244768e-01  -2.1121285e-02
   2.2494936e-01  -1.6604563e-02
   2.1745105e-01  -1.2241313e-02
   2.0995274e-01  -8.0186360e-03
   2.0245443e-01  -3.9246044e-03
   1.9495611e-01   5.1833725e-05
   1.8745780e-01   3.9209402e-03
   1.7995949e-01   7.6922650e-03
   1.7246117e-01   1.1374717e-02
   1.6496286e-01   1.4976626e-02
   1.5746455e-01   1.8505802e-02
   1.4996624e-01   2.1969588e-02
   1.4246792e-01   2.5374907e-02
   1.3496961e-01   2.8728304e-02
   1.2747130e-01   3.2035987e-02
   1.1997299e-01   3.5303865e-02
   1.1247467e-01   3.8537580e-02
   1.0497636e-01   4.1742537e-02
   9.7478048e-02   4.4923938e-02
   8.9979736e-02   4.8086801e-02
   8.2481423e-02   5.1235991e-02
   7.4983110e-02   5.4376246e-02
   6.7484798e-02   5.7512190e-02
   5.9986485e-02   6.0648366e-02
   5.2488173e-02   6.3789250e-02
   4.4989860e-02   6.6939272e-02
   3.7491547e-02   7.0102837e-02
   2.9993235e-02   7.3284345e-02
   2.2494922e-02   7.6488208e-02
   1.4996609e-02   7.9718871e-02
   7.4982967e-03   8.2980830e-02
  -1.5895382e-08   8.6278656e-02
  -7.4983285e-03   8.9617008e-02
  -1.4996641e-02   9.3000659e-02
  -2.2494954e-02   9.6434518e-02
  -2.9993266e-02   9.9923652e-02
  -3.7491579e-02   1.0347331e-01
  -4.4989892e-02   1.0708894e-01
  -5.2488204e-02   1.1077624e-01
  -5.9986517e-02   1.1454116e-01
  -6.7484830e-02   1.1838996e-01
  -7.4983142e-02   1.2232921e-01
  -8.2481455e-02   1.2636586e-01
  -8.9979768e-02   1.3050727e-01
  -9.7478080e-02   1.3476127e-01
  -1.0497639e-01   1.3913616e-01
  -1.1247471e-01   1.4364082e-01
  -1.1997302e-01   1.4828477e-01
  -1.2747133e-01   1.5307818e-01
  -1.3496964e-01   1.5803203e-01
  -1.4246796e-01   1.6315812e-01
  -1.4996627e-01   1.6846922e-01
  -1.5746458e-01   1.7397915e-01
  -1.6496289e-01   1.7970292e-01
  -1.7246121e-01   1.8565688e-01
  -1.7995952e-01   1.9185883e-01
  -1.8745783e-01   1.9832829e-01
  -1.9495614e-01   2.0508663e-01
  -2.0245446e-01   2.1215735e-01
  -2.0995277e-01   2.1956639e-01
  -2.1745108e-01   2.2734240e-01
  -2.2494939e-01   2.3551717e-01
  -2.3244771e-01   2.4412608e-01
  -2.3994602e-01   2.5320861e-01
  -2.4744433e-01   2.6280896e-01
  -2.5494265e-01   2.7297685e-01
  -2.6244096e-01   2.8376837e-01
  -2.6993927e-01   2.9524709e-01
  -2.7743758e-01   3.0748535e-01
  -2.8493590e-01   3.2056588e-01
  -2.9243421e-01   3.3458375e-01
  -2.9993252e-01   3.4964882e-01
  -3.0743083e-01   3.6588873e-01
  -3.1492915e-01   3.8345274e-01
  -3.2242746e-01   4.0251647e-01
  -3.2992577e-01   4.2328802e-01
  -3.3742408e-01   4.4601578e-01
  -3.4492240e-01   4.7099841e-01
  -3.5242071e-01   4.9859792e-01
  -3.5991902e-01   5.2925666e-01
  -3.6741734e-01   5.6351970e-01
  -3.7491565e-01   6.0206462e-01
  -3.8241396e-01   6.4574242e-01
  -3.8991227e-01   6.9563257e-01
  -3.9740442e-01   7.5305042e-01
  -4.0485372e-01   8.1941450e-01
  -4.1219438e-01   8.9610418e-01
  -4.1935860e-01   9.8459873e-01
  -4.2628514e-01   1.0865503e+00
  -4.3292123e-01   1.2038440e+00
  -4.3922384e-01   1.3387009e+00
  -4.4516030e-01   1.4938133e+00
  -4.5070838e-01   1.6724905e+00
  -4.5585574e-01   1.8787931e+00
  -4.6059905e-01   2.1176459e+00
  -4.6494277e-01   2.3949361e+00
  -4.6889784e-01   2.7176120e+00
  -4.7248026e-01   3.0938030e+00
  -4.7570984e-01   3.5329839e+00
  -4.7860893e-01   4.0462046e+00
  -4.8120137e-01   4.6464071e+00
  -4.8351168e-01   5.3488492e+00
  -4.8556427e-01   6.1716501e+00
  -4.8738293e-01   7.1364698e+00
  -4.8899045e-01   8.2693363e+00
  -4.9040832e-01   9.6016377e+00
  -4.9165656e-01   1.1171292e+01
  -4.9275365e-01   1.3024073e+01
  -4.9371649e-01   1.5214998e+01
  -4.9456043e-01   1.7809445e+01
  -4.9529932e-01   2.0883266e+01
  -4.9594561e-01   2.4520340e+01
  -4.9651042e-01   2.8804750e+01
  -4.9700365e-01   3.3803106e+01
  -4.9743408e-01   3.9531175e+01
  -4.9780951e-01   4.5899451e+01
  -4.9813679e-01   5.2636940e+01
  -4.9842197e-01   5.9202254e+01
  -4.9867038e-01   6.4701973e+01
  -4.9888669e-01   6.7836174e+01
  -4.9907499e-01   6.6865231e+01
  -4.9923887e-01   5.9535443e+01
  -4.9938146e-01   4.2821771e+01
  -4.9950550e-01   1.2236647e+01
  -4.9961340e-01  -3.9778921e+01
  -4.9970723e-01  -1.2757730e+02
  -4.9978883e-01  -2.8189814e+02
  -4.9985977e-01  -5.8045468e+02
  -4.9992145e-01  -1.2890002e+03
  -4.9997507e-01  -4.5256174e+03
