   4.9997507e-01   2.3270899e+00
   4.9992145e-01   1.9115904e+00
   4.9985977e-01   1.6448056e+00
   4.9978883e-01   1.4633008e+00
   4.9970723e-01   1.3325847e+00
   4.9961340e-01   1.2325115e+00
   4.9950550e-01   1.1512315e+00
   4.9938146e-01   1.0818875e+00
   4.9923887e-01   1.0205384e+00
   4.9907499e-01   9.6486671e-01
   4.9888669e-01   9.1343209e-01
   4.9867038e-01   8.6527532e-01
   4.9842197e-01   8.1971606e-01
   4.9813678e-01   7.7624795e-01
   4.9780950e-01   7.3448000e-01
   4.9743408e-01   6.9410145e-01
   4.9700364e-01   6.5485918e-01
   4.9651041e-01   6.1654272e-01
   4.9594561e-01   5.7897425e-01
   4.9529932e-01   5.4200190e-01
   4.9456042e-01   5.0549574e-01
   4.9371648e-01   4.6934596e-01
   4.9275364e-01   4.3346302e-01
   4.9165655e-01   3.9777987e-01
   4.9040831e-01   3.6225582e-01
   4.8899044e-01   3.2688205e-01
   4.8738291e-01   2.9168802e-01
   4.8556425e-01   2.5674788e-01
   4.8351166e-01   2.2218572e-01
   4.8120136e-01   1.8817795e-01
   4.7860891e-01   1.5495159e-01
   4.7570982e-01   1.2277705e-01
   4.7248024e-01   9.1955282e-02
   4.6889781e-01   6.2799822e-02
   4.6494275e-01   3.5615474e-02
   4.6059902e-01   1.0676208e-02
   4.5585571e-01  -1.1794929e-02
   4.5070835e-01  -3.1641404e-02
   4.4516027e-01  -4.8782667e-02
   4.3922381e-01  -6.3216943e-02
   4.3292120e-01  -7.5017786e-02
   4.2628511e-01  -8.4325472e-02
   4.1935856e-01  -9.1334609e-02
   4.1219434e-01  -9.6279431e-02
   4.0485369e-01  -9.9415596e-02
   3.9740439e-01  -1.0100536e-01
   3.8991224e-01  -1.0134793e-01
   3.8241393e-01  -1.0071872e-01
   3.7491562e-01  -9.9309038e-02
   3.6741730e-01  -9.7272911e-02
   3.5991899e-01  -9.4737736e-02
   3.5242068e-01  -9.1807036e-02
   3.4492237e-01  -8.8564980e-02
   3.3742405e-01  -8.5080168e-02
   3.2992574e-01  -8.1408626e-02
   3.2242743e-01  -7.7596177e-02
   3.1492911e-01  -7.3680316e-02
   3.0743080e-01  -6.9691716e-02
   2.9993249e-01  -6.5655426e-02
   2.9243418e-01  -6.1591850e-02
   2.8493586e-01  -5.7517534e-02
   2.7743755e-01  -5.3445821e-02
   2.6993924e-01  -4.9387379e-02
   2.6244093e-01  -4.5350643e-02
   2.5494261e-01  -4.1342178e-02
   2.4744430e-01  -3.7366982e-02
   2.3994599e-01  -3.3428741e-02
   2.3244768e-01  -2.9530037e-02
   2.2494936e-01  -2.5672525e-02
   2.1745105e-01  -2.1857083e-02
   2.0995274e-01  -1.8083934e-02
   2.0245443e-01  -1.4352751e-02
   1.9495611e-01  -1.0662746e-02
   1.8745780e-01  -7.0127412e-03
   1.7995949e-01  -3.4012329e-03
   1.7246117e-01   1.7355849e-04
   1.6496286e-01   3.7136447e-03
   1.5746455e-01   7.2212335e-03
   1.4996624e-01   1.0698699e-02
   1.4246792e-01   1.4148559e-02
   1.3496961e-01   1.7573452e-02
   1.2747130e-01   2.0976122e-02
   1.1997299e-01   2.4359408e-02
   1.1247467e-01   2.7726235e-02
   1.0497636e-01   3.1079601e-02
   9.7478048e-02   3.4422578e-02
   8.9979736e-02   3.7758307e-02
   8.2481423e-02   4.1089999e-02
   7.4983110e-02   4.4420931e-02
   6.7484798e-02   4.7754452e-02
   5.9986485e-02   5.1093986e-02
   5.2488173e-02   5.4443035e-02
   4.4989860e-02   5.7805187e-02
   3.7491547e-02   6.1184120e-02
   2.9993235e-02   6.4583617e-02
   2.2494922e-02   6.8007566e-02
   1.4996609e-02   7.1459981e-02
   7.4982967e-03   7.4945007e-02
  -1.5895382e-08   7.8466936e-02
  -7.4983285e-03   8.2030225e-02
  -1.4996641e-02   8.5639507e-02
  -2.2494954e-02   8.9299616e-02
  -2.9993266e-02   9.3015601e-02
  -3.7491579e-02   9.6792755e-02
  -4.4989892e-02   1.0063664e-01
  -5.2488204e-02   1.0455310e-01
  -5.9986517e-02   1.0854833e-01
  -6.7484830e-02   1.1262885e-01
  -7.4983142e-02   1.1680162e-01
  -8.2481455e-02   1.2107401e-01
  -8.9979768e-02   1.2545391e-01
  -9.7478080e-02   1.2994973e-01
  -1.0497639e-01   1.3457051e-01
  -1.1247471e-01   1.3932597e-01
  -1.1997302e-01   1.4422659e-01
  -1.2747133e-01   1.4928370e-01
  -1.3496964e-01   1.5450962e-01
  -1.4246796e-01   1.5991771e-01
  -1.4996627e-01   1.6552260e-01
  -1.5746458e-01   1.7134026e-01
  -1.6496289e-01   1.7738828e-01
  -1.7246121e-01   1.8368600e-01
  -1.7995952e-01   1.9025481e-01
  -1.8745783e-01   1.9711839e-01
  -1.9495614e-01   2.0430308e-01
  -2.0245446e-01   2.1183820e-01
  -2.0995277e-01   2.1975649e-01
  -2.1745108e-01   2.2809458e-01
  -2.2494939e-01   2.3689345e-01
  -2.3244771e-01   2.4619909e-01
  -2.3994602e-01   2.5606301e-01
  -2.4744433e-01   2.6654299e-01
  -2.5494265e-01   2.7770375e-01
  -2.6244096e-01   2.8961770e-01
  -2.6993927e-01   3.0236575e-01
  -2.7743758e-01   3.1603816e-01
  -2.8493590e-01   3.3073543e-01
  -2.9243421e-01   3.4656937e-01
  -2.9993252e-01   3.6366432e-01
  -3.0743083e-01   3.8215873e-01
  -3.1492915e-01   4.0220728e-01
  -3.2242746e-01   4.2398371e-01
  -3.2992577e-01   4.4768510e-01
  -3.3742408e-01   4.7353775e-01
  -3.4492240e-01   5.0180583e-01
  -3.5242071e-01   5.3280378e-01
  -3.5991902e-01   5.6691388e-01
  -3.6741734e-01   6.0461146e-01
  -3.7491565e-01   6.4650070e-01
  -3.8241396e-01   6.9336592e-01
  -3.8991227e-01   7.4623613e-01
  -3.9740442e-01   8.0639950e-01
  -4.0485372e-01   8.7529187e-01
  -4.1219438e-01   9.5448957e-01
  -4.1935860e-01   1.0458628e+00
  -4.2628514e-01   1.1516632e+00
  -4.3292123e-01   1.2745687e+00
  -4.3922384e-01   1.4177249e+00
  -4.4516030e-01   1.5847888e+00
  -4.5070838e-01   1.7799851e+00
  -4.5585574e-01   2.0081799e+00
  -4.6059905e-01   2.2749750e+00
  -4.6494277e-01   2.5868196e+00
  -4.6889784e-01   2.9511255e+00
  -4.7248026e-01   3.3763566e+00
  -4.7570984e-01   3.8720367e+00
  -4.7860893e-01   4.4485837e+00
  -4.8120137e-01   5.1168189e+00
  -4.8351168e-01   5.8869331e+00
  -4.8556427e-01   6.7666166e+00
  -4.8738293e-01   7.7580272e+00
  -4.8899045e-01   8.8533317e+00
  -4.9040832e-01   1.0028786e+01
  -4.9165656e-01   1.1237754e+01
  -4.9275365e-01   1.2403639e+01
  -4.9371649e-01   1.3414155e+01
  -4.9456043e-01   1.4118418e+01
  -4.9529932e-01   1.4327599e+01
  -4.9594561e-01   1.3818479e+01
  -4.9651042e-01   1.2337512e+01
  -4.9700365e-01   9.6017389e+00
  -4.9743408e-01   5.2924511e+00
  -4.9780951e-01  -9.6219367e-01
  -4.9813679e-01  -9.6191121e+00
  -4.9842197e-01  -2.1271240e+01
  -4.9867038e-01  -3.6725349e+01
  -4.9888669e-01  -5.7122400e+01
  -4.9907499e-01  -8.4132195e+01
  -4.9923887e-01  -1.2028822e+02
  -4.9938146e-01  -1.6960635e+02
  -4.9950550e-01  -2.3881951e+02
  -4.9961340e-01  -3.4004889e+02
  -4.9970723e-01  -4.9713386e+02
  -4.9978883e-01  -7.6259466e+02
  -4.9985977e-01  -1.2728852e+03
  -4.9992145e-01  -2.5029814e+03
  -4.9997507e-01  -7.8722617e+03
