   4.9997507e-01   3.5226082e+00
   4.9992145e-01   2.9324981e+00
   4.9985977e-01   2.5044967e+00
   4.9978883e-01   2.2226238e+00
   4.9970723e-01   2.0221167e+00
   4.9961340e-01   1.8681167e+00
   4.9950550e-01   1.7414856e+00
   4.9938146e-01   1.6318070e+00
   4.9923887e-01   1.5333157e+00
   4.9907499e-01   1.4426337e+00
   4.9888669e-01   1.3576073e+00
   4.9867038e-01   1.2767430e+00
   4.9842197e-01   1.1989342e+00
   4.9813678e-01   1.1233206e+00
   4.9780950e-01   1.0492099e+00
   4.9743408e-01   9.7603463e-01
   4.9700364e-01   9.0332964e-01
   4.9651041e-01   8.3072457e-01
   4.9594561e-01   7.5794849e-01
   4.9529932e-01   6.8484320e-01
   4.9456042e-01   6.1138264e-01
   4.9371648e-01   5.3769401e-01
   4.9275364e-01   4.6407534e-01
   4.9165655e-01   3.9100307e-01
   4.9040831e-01   3.1912323e-01
   4.8899044e-01   2.4922194e-01
   4.8738291e-01   1.8217433e-01
   4.8556425e-01   1.1887623e-01
   4.8351166e-01   6.0167873e-02
   4.8120136e-01   6.7621838e-03
   4.7860891e-01  -4.0810527e-02
   4.7570982e-01  -8.2233167e-02
   4.7248024e-01  -1.1740592e-01
   4.6889781e-01  -1.4642785e-01
   4.6494275e-01  -1.6956393e-01
   4.6059902e-01  -1.8720625e-01
   4.5585571e-01  -1.9983617e-01
   4.5070835e-01  -2.0799137e-01
   4.4516027e-01  -2.1223930e-01
   4.3922381e-01  -2.1315540e-01
   4.3292120e-01  -2.1130716e-01
   4.2628511e-01  -2.0723644e-01
   4.1935856e-01  -2.0145486e-01
   4.1219434e-01  -1.9441592e-01
   4.0485369e-01  -1.8654486e-01
   3.9740439e-01  -1.7814190e-01
   3.8991224e-01  -1.6954923e-01
   3.8241393e-01  -1.6101641e-01
   3.7491562e-01  -1.5261034e-01
   3.6741730e-01  -1.4437978e-01
   3.5991899e-01  -1.3636419e-01
   3.5242068e-01  -1.2858861e-01
   3.4492237e-01  -1.2106711e-01
   3.3742405e-01  -1.1380573e-01
   3.2992574e-01  -1.0680474e-01
   3.2242743e-01  -1.0006031e-01
   3.1492911e-01  -9.3565754e-02
   3.0743080e-01  -8.7312457e-02
   2.9993249e-01  -8.1290547e-02
   2.9243418e-01  -7.5489394e-02
   2.8493586e-01  -6.9897967e-02
   2.7743755e-01  -6.4505099e-02
   2.6993924e-01  -5.9299674e-02
   2.6244093e-01  -5.4270765e-02
   2.5494261e-01  -4.9407718e-02
   2.4744430e-01  -4.4700219e-02
   2.3994599e-01  -4.0138326e-02
   2.3244768e-01  -3.5712495e-02
   2.2494936e-01  -3.1413585e-02
   2.1745105e-01  -2.7232856e-02
   2.0995274e-01  -2.3161963e-02
   2.0245443e-01  -1.9192942e-02
   1.9495611e-01  -1.5318197e-02
   1.8745780e-01  -1.1530475e-02
   1.7995949e-01  -7.8228559e-03
   1.7246117e-01  -4.1887253e-03
   1.6496286e-01  -6.2175663e-04
   1.5746455e-01   2.8841093e-03
   1.4996624e-01   6.3346851e-03
   1.4246792e-01   9.7355564e-03
   1.3496961e-01   1.3092102e-02
   1.2747130e-01   1.6409511e-02
   1.1997299e-01   1.9692803e-02
   1.1247467e-01   2.2946847e-02
   1.0497636e-01   2.6176375e-02
   9.7478048e-02   2.9386002e-02
   8.9979736e-02   3.2580241e-02
   8.2481423e-02   3.5763521e-02
   7.4983110e-02   3.8940201e-02
   6.7484798e-02   4.2114586e-02
   5.9986485e-02   4.5290942e-02
   5.2488173e-02   4.8473513e-02
   4.4989860e-02   5.1666535e-02
   3.7491547e-02   5.4874253e-02
   2.9993235e-02   5.8100934e-02
   2.2494922e-02   6.1350886e-02
   1.4996609e-02   6.4628472e-02
   7.4982967e-03   6.7938130e-02
  -1.5895382e-08   7.1284387e-02
  -7.4983285e-03   7.4671879e-02
  -1.4996641e-02   7.8105372e-02
  -2.2494954e-02   8.1589780e-02
  -2.9993266e-02   8.5130188e-02
  -3.7491579e-02   8.8731872e-02
  -4.4989892e-02   9.2400331e-02
  -5.2488204e-02   9.6141307e-02
  -5.9986517e-02   9.9960816e-02
  -6.7484830e-02   1.0386518e-01
  -7.4983142e-02   1.0786106e-01
  -8.2481455e-02   1.1195550e-01
  -8.9979768e-02   1.1615596e-01
  -9.7478080e-02   1.2047036e-01
  -1.0497639e-01   1.2490714e-01
  -1.1247471e-01   1.2947531e-01
  -1.1997302e-01   1.3418453e-01
  -1.2747133e-01   1.3904513e-01
  -1.3496964e-01   1.4406825e-01
  -1.4246796e-01   1.4926589e-01
  -1.4996627e-01   1.5465101e-01
  -1.5746458e-01   1.6023768e-01
  -1.6496289e-01   1.6604115e-01
  -1.7246121e-01   1.7207802e-01
  -1.7995952e-01   1.7836644e-01
  -1.8745783e-01   1.8492624e-01
  -1.9495614e-01   1.9177919e-01
  -2.0245446e-01   1.9894923e-01
  -2.0995277e-01   2.0646278e-01
  -2.1745108e-01   2.1434909e-01
  -2.2494939e-01   2.2264059e-01
  -2.3244771e-01   2.3137343e-01
  -2.3994602e-01   2.4058798e-01
  -2.4744433e-01   2.5032954e-01
  -2.5494265e-01   2.6064908e-01
  -2.6244096e-01   2.7160426e-01
  -2.6993927e-01   2.8326053e-01
  -2.7743758e-01   2.9569258e-01
  -2.8493590e-01   3.0898607e-01
  -2.9243421e-01   3.2323976e-01
  -2.9993252e-01   3.3856815e-01
  -3.0743083e-01   3.5510481e-01
  -3.1492915e-01   3.7300654e-01
  -3.2242746e-01   3.9245849e-01
  -3.2992577e-01   4.1368081e-01
  -3.3742408e-01   4.3693675e-01
  -3.4492240e-01   4.6254316e-01
  -3.5242071e-01   4.9088348e-01
  -3.5991902e-01   5.2242443e-01
  -3.6741734e-01   5.5773717e-01
  -3.7491565e-01   5.9752484e-01
  -3.8241396e-01   6.4266025e-01
  -3.8991227e-01   6.9423391e-01
  -3.9740442e-01   7.5354862e-01
  -4.0485372e-01   8.2197436e-01
  -4.1219438e-01   9.0081041e-01
  -4.1935860e-01   9.9144972e-01
  -4.2628514e-01   1.0954911e+00
  -4.3292123e-01   1.2148409e+00
  -4.3922384e-01   1.3518423e+00
  -4.4516030e-01   1.5094090e+00
  -4.5070838e-01   1.6911448e+00
  -4.5585574e-01   1.9014390e+00
  -4.6059905e-01   2.1455476e+00
  -4.6494277e-01   2.4296739e+00
  -4.6889784e-01   2.7610688e+00
  -4.7248026e-01   3.1481701e+00
  -4.7570984e-01   3.6007987e+00
  -4.7860893e-01   4.1304287e+00
  -4.8120137e-01   4.7505441e+00
  -4.8351168e-01   5.4770915e+00
  -4.8556427e-01   6.3290320e+00
  -4.8738293e-01   7.3289883e+00
  -4.8899045e-01   8.5039678e+00
  -4.9040832e-01   9.8861073e+00
  -4.9165656e-01   1.1513308e+01
  -4.9275365e-01   1.3429472e+01
  -4.9371649e-01   1.5683794e+01
  -4.9456043e-01   1.8328100e+01
  -4.9529932e-01   2.1410721e+01
  -4.9594561e-01   2.4964780e+01
  -4.9651042e-01   2.8988646e+01
  -4.9700365e-01   3.3417076e+01
  -4.9743408e-01   3.8083904e+01
  -4.9780951e-01   4.2680835e+01
  -4.9813679e-01   4.6720301e+01
  -4.9842197e-01   4.9510202e+01
  -4.9867038e-01   5.0141092e+01
  -4.9888669e-01   4.7471074e+01
  -4.9907499e-01   4.0072304e+01
  -4.9923887e-01   2.6075650e+01
  -4.9938146e-01   2.8029711e+00
  -4.9950550e-01  -3.4039233e+01
  -4.9961340e-01  -9.2152584e+01
  -4.9970723e-01  -1.8692537e+02
  -4.9978883e-01  -3.5291759e+02
  -4.9985977e-01  -6.8110211e+02
  -4.9992145e-01  -1.4896707e+03
  -4.9997507e-01  -5.1147248e+03
