   4.9997507e-01   2.3679020e+00
   4.9992145e-01   2.0804699e+00
   4.9985977e-01   1.8251381e+00
   4.9978883e-01   1.6391879e+00
   4.9970723e-01   1.4990608e+00
   4.9961340e-01   1.3901070e+00
   4.9950550e-01   1.3022404e+00
   4.9938146e-01   1.2285309e+00
   4.9923887e-01   1.1643725e+00
   4.9907499e-01   1.1068115e+00
   4.9888669e-01   1.0539857e+00
   4.9867038e-01   1.0047022e+00
   4.9842197e-01   9.5815851e-01
   4.9813678e-01   9.1377952e-01
   4.9780950e-01   8.7112776e-01
   4.9743408e-01   8.2985426e-01
   4.9700364e-01   7.8966979e-01
   4.9651041e-01   7.5032679e-01
   4.9594561e-01   7.1160735e-01
   4.9529932e-01   6.7331525e-01
   4.9456042e-01   6.3527091e-01
   4.9371648e-01   5.9730887e-01
   4.9275364e-01   5.5927776e-01
   4.9165655e-01   5.2104272e-01
   4.9040831e-01   4.8249057e-01
   4.8899044e-01   4.4353773e-01
   4.8738291e-01   4.0414066e-01
   4.8556425e-01   3.6430815e-01
   4.8351166e-01   3.2411413e-01
   4.8120136e-01   2.8370887e-01
   4.7860891e-01   2.4332628e-01
   4.7570982e-01   2.0328438e-01
   4.7248024e-01   1.6397698e-01
   4.6889781e-01   1.2585566e-01
   4.6494275e-01   8.9402671e-02
   4.6059902e-01   5.5097633e-02
   4.5585571e-01   2.3382090e-02
   4.5070835e-01  -5.3733729e-03
   4.4516027e-01  -3.0895204e-02
   4.3922381e-01  -5.3023307e-02
   4.3292120e-01  -7.1716660e-02
   4.2628511e-01  -8.7048564e-02
   4.1935856e-01  -9.9193105e-02
   4.1219434e-01  -1.0840510e-01
   4.0485369e-01  -1.1499146e-01
   3.9740439e-01  -1.1928251e-01
   3.8991224e-01  -1.2168201e-01
   3.8241393e-01  -1.2261045e-01
   3.7491562e-01  -1.2232606e-01
   3.6741730e-01  -1.2105416e-01
   3.5991899e-01  -1.1898874e-01
   3.5242068e-01  -1.1628871e-01
   3.4492237e-01  -1.1308428e-01
   3.3742405e-01  -1.0948225e-01
   3.2992574e-01  -1.0557031e-01
   3.2242743e-01  -1.0142050e-01
   3.1492911e-01  -9.7091948e-02
   3.0743080e-01  -9.2633177e-02
   2.9993249e-01  -8.8083888e-02
   2.9243418e-01  -8.3476484e-02
   2.8493586e-01  -7.8837297e-02
   2.7743755e-01  -7.4187606e-02
   2.6993924e-01  -6.9544476e-02
   2.6244093e-01  -6.4921460e-02
   2.5494261e-01  -6.0329179e-02
   2.4744430e-01  -5.5775809e-02
   2.3994599e-01  -5.1267482e-02
   2.3244768e-01  -4.6808628e-02
   2.2494936e-01  -4.2402255e-02
   2.1745105e-01  -3.8050192e-02
   2.0995274e-01  -3.3753280e-02
   2.0245443e-01  -2.9511545e-02
   1.9495611e-01  -2.5324334e-02
   1.8745780e-01  -2.1190430e-02
   1.7995949e-01  -1.7108153e-02
   1.7246117e-01  -1.3075440e-02
   1.6496286e-01  -9.0899078e-03
   1.5746455e-01  -5.1489156e-03
   1.4996624e-01  -1.2496057e-03
   1.4246792e-01   2.6110564e-03
   1.3496961e-01   6.4362533e-03
   1.2747130e-01   1.0229290e-02
   1.1997299e-01   1.3993576e-02
   1.1247467e-01   1.7732610e-02
   1.0497636e-01   2.1449967e-02
   9.7478048e-02   2.5149297e-02
   8.9979736e-02   2.8834314e-02
   8.2481423e-02   3.2508794e-02
   7.4983110e-02   3.6176583e-02
   6.7484798e-02   3.9841589e-02
   5.9986485e-02   4.3507793e-02
   5.2488173e-02   4.7179254e-02
   4.4989860e-02   5.0860113e-02
   3.7491547e-02   5.4554604e-02
   2.9993235e-02   5.8267069e-02
   2.2494922e-02   6.2001959e-02
   1.4996609e-02   6.5763860e-02
   7.4982967e-03   6.9557498e-02
  -1.5895382e-08   7.3387760e-02
  -7.4983285e-03   7.7259713e-02
  -1.4996641e-02   8.1178620e-02
  -2.2494954e-02   8.5149963e-02
  -2.9993266e-02   8.9179467e-02
  -3.7491579e-02   9.3273125e-02
  -4.4989892e-02   9.7437223e-02
  -5.2488204e-02   1.0167837e-01
  -5.9986517e-02   1.0600355e-01
  -6.7484830e-02   1.1042010e-01
  -7.4983142e-02   1.1493582e-01
  -8.2481455e-02   1.1955897e-01
  -8.9979768e-02   1.2429832e-01
  -9.7478080e-02   1.2916319e-01
  -1.0497639e-01   1.3416354e-01
  -1.1247471e-01   1.3930998e-01
  -1.1997302e-01   1.4461384e-01
  -1.2747133e-01   1.5008727e-01
  -1.3496964e-01   1.5574328e-01
  -1.4246796e-01   1.6159584e-01
  -1.4996627e-01   1.6765993e-01
  -1.5746458e-01   1.7395170e-01
  -1.6496289e-01   1.8048854e-01
  -1.7246121e-01   1.8728921e-01
  -1.7995952e-01   1.9437400e-01
  -1.8745783e-01   2.0176486e-01
  -1.9495614e-01   2.0948563e-01
  -2.0245446e-01   2.1756223e-01
  -2.0995277e-01   2.2602290e-01
  -2.1745108e-01   2.3489855e-01
  -2.2494939e-01   2.4422308e-01
  -2.3244771e-01   2.5403378e-01
  -2.3994602e-01   2.6437192e-01
  -2.4744433e-01   2.7528328e-01
  -2.5494265e-01   2.8681894e-01
  -2.6244096e-01   2.9903615e-01
  -2.6993927e-01   3.1199947e-01
  -2.7743758e-01   3.2578208e-01
  -2.8493590e-01   3.4046744e-01
  -2.9243421e-01   3.5615137e-01
  -2.9993252e-01   3.7294452e-01
  -3.0743083e-01   3.9097560e-01
  -3.1492915e-01   4.1039531e-01
  -3.2242746e-01   4.3138137e-01
  -3.2992577e-01   4.5414490e-01
  -3.3742408e-01   4.7893862e-01
  -3.4492240e-01   5.0606748e-01
  -3.5242071e-01   5.3590266e-01
  -3.5991902e-01   5.6890011e-01
  -3.6741734e-01   6.0562570e-01
  -3.7491565e-01   6.4678991e-01
  -3.8241396e-01   6.9329667e-01
  -3.8991227e-01   7.4629958e-01
  -3.9740442e-01   8.0720617e-01
  -4.0485372e-01   8.7761776e-01
  -4.1219438e-01   9.5919179e-01
  -4.1935860e-01   1.0538190e+00
  -4.2628514e-01   1.1637187e+00
  -4.3292123e-01   1.2914880e+00
  -4.3922384e-01   1.4401646e+00
  -4.4516030e-01   1.6133008e+00
  -4.5070838e-01   1.8150518e+00
  -4.5585574e-01   2.0502796e+00
  -4.6059905e-01   2.3246721e+00
  -4.6494277e-01   2.6448701e+00
  -4.6889784e-01   3.0185911e+00
  -4.7248026e-01   3.4547203e+00
  -4.7570984e-01   3.9633206e+00
  -4.7860893e-01   4.5554758e+00
  -4.8120137e-01   5.2428365e+00
  -4.8351168e-01   6.0366796e+00
  -4.8556427e-01   6.9462436e+00
  -4.8738293e-01   7.9760926e+00
  -4.8899045e-01   9.1223346e+00
  -4.9040832e-01   1.0367723e+01
  -4.9165656e-01   1.1676019e+01
  -4.9275365e-01   1.2986401e+01
  -4.9371649e-01   1.4209027e+01
  -4.9456043e-01   1.5222820e+01
  -4.9529932e-01   1.5875991e+01
  -4.9594561e-01   1.5988785e+01
  -4.9651042e-01   1.5356698e+01
  -4.9700365e-01   1.3751492e+01
  -4.9743408e-01   1.0916892e+01
  -4.9780951e-01   6.5559730e+00
  -4.9813679e-01   3.0721436e-01
  -4.9842197e-01  -8.2946661e+00
  -4.9867038e-01  -1.9879956e+01
  -4.9888669e-01  -3.5340958e+01
  -4.9907499e-01  -5.5992737e+01
  -4.9923887e-01  -8.3854808e+01
  -4.9938146e-01  -1.2217142e+02
  -4.9950550e-01  -1.7642128e+02
  -4.9961340e-01  -2.5639684e+02
  -4.9970723e-01  -3.8088124e+02
  -4.9978883e-01  -5.8971537e+02
  -4.9985977e-01  -9.8230746e+02
  -4.9992145e-01  -1.8940219e+03
  -4.9997507e-01  -5.8680249e+03
