   4.9997507e-01   2.1171273e+00
   4.9992145e-01   1.7339597e+00
   4.9985977e-01   1.4905501e+00
   4.9978883e-01   1.3269836e+00
   4.9970723e-01   1.2098208e+00
   4.9961340e-01   1.1199454e+00
   4.9950550e-01   1.0465267e+00
   4.9938146e-01   9.8351728e-01
   4.9923887e-01   9.2751815e-01
   4.9907499e-01   8.7653675e-01
   4.9888669e-01   8.2932157e-01
   4.9867038e-01   7.8502752e-01
   4.9842197e-01   7.4304922e-01
   4.9813678e-01   7.0293353e-01
   4.9780950e-01   6.6432969e-01
   4.9743408e-01   6.2695866e-01
   4.9700364e-01   5.9059347e-01
   4.9651041e-01   5.5504600e-01
   4.9594561e-01   5.2015833e-01
   4.9529932e-01   4.8579700e-01
   4.9456042e-01   4.5184989e-01
   4.9371648e-01   4.1822507e-01
   4.9275364e-01   3.8485161e-01
   4.9165655e-01   3.5168227e-01
   4.9040831e-01   3.1869769e-01
   4.8899044e-01   2.8591178e-01
   4.8738291e-01   2.5337751e-01
   4.8556425e-01   2.2119216e-01
   4.8351166e-01   1.8950040e-01
   4.8120136e-01   1.5849415e-01
   4.7860891e-01   1.2840760e-01
   4.7570982e-01   9.9507021e-02
   4.7248024e-01   7.2075567e-02
   4.6889781e-01   4.6394249e-02
   4.6494275e-01   2.2721483e-02
   4.6059902e-01   1.2737667e-03
   4.5585571e-01  -1.7789929e-02
   4.5070835e-01  -3.4378273e-02
   4.4516027e-01  -4.8471420e-02
   4.3922381e-01  -6.0118900e-02
   4.3292120e-01  -6.9432607e-02
   4.2628511e-01  -7.6576276e-02
   4.1935856e-01  -8.1752862e-02
   4.1219434e-01  -8.5191066e-02
   4.0485369e-01  -8.7129692e-02
   3.9740439e-01  -8.7805143e-02
   3.8991224e-01  -8.7480534e-02
   3.8241393e-01  -8.6391535e-02
   3.7491562e-01  -8.4695878e-02
   3.6741730e-01  -8.2519059e-02
   3.5991899e-01  -7.9964240e-02
   3.5242068e-01  -7.7114521e-02
   3.4492237e-01  -7.4036865e-02
   3.3742405e-01  -7.0785353e-02
   3.2992574e-01  -6.7403749e-02
   3.2242743e-01  -6.3927511e-02
   3.1492911e-01  -6.0385371e-02
   3.0743080e-01  -5.6800589e-02
   2.9993249e-01  -5.3191950e-02
   2.9243418e-01  -4.9574564e-02
   2.8493586e-01  -4.5960516e-02
   2.7743755e-01  -4.2359390e-02
   2.6993924e-01  -3.8778697e-02
   2.6244093e-01  -3.5224228e-02
   2.5494261e-01  -3.1700345e-02
   2.4744430e-01  -2.8210217e-02
   2.3994599e-01  -2.4756021e-02
   2.3244768e-01  -2.1339107e-02
   2.2494936e-01  -1.7960132e-02
   2.1745105e-01  -1.4619176e-02
   2.0995274e-01  -1.1315837e-02
   2.0245443e-01  -8.0493118e-03
   1.9495611e-01  -4.8184592e-03
   1.8745780e-01  -1.6218577e-03
   1.7995949e-01   1.5421494e-03
   1.7246117e-01   4.6754158e-03
   1.6496286e-01   7.7799605e-03
   1.5746455e-01   1.0857942e-02
   1.4996624e-01   1.3911637e-02
   1.4246792e-01   1.6943423e-02
   1.3496961e-01   1.9955765e-02
   1.2747130e-01   2.2951204e-02
   1.1997299e-01   2.5932352e-02
   1.1247467e-01   2.8901879e-02
   1.0497636e-01   3.1862518e-02
   9.7478048e-02   3.4817057e-02
   8.9979736e-02   3.7768338e-02
   8.2481423e-02   4.0719263e-02
   7.4983110e-02   4.3672789e-02
   6.7484798e-02   4.6631938e-02
   5.9986485e-02   4.9599795e-02
   5.2488173e-02   5.2579520e-02
   4.4989860e-02   5.5574347e-02
   3.7491547e-02   5.8587600e-02
   2.9993235e-02   6.1622692e-02
   2.2494922e-02   6.4683143e-02
   1.4996609e-02   6.7772586e-02
   7.4982967e-03   7.0894779e-02
  -1.5895382e-08   7.4053622e-02
  -7.4983285e-03   7.7253167e-02
  -1.4996641e-02   8.0497637e-02
  -2.2494954e-02   8.3791442e-02
  -2.9993266e-02   8.7139201e-02
  -3.7491579e-02   9.0545764e-02
  -4.4989892e-02   9.4016233e-02
  -5.2488204e-02   9.7555994e-02
  -5.9986517e-02   1.0117074e-01
  -6.7484830e-02   1.0486652e-01
  -7.4983142e-02   1.0864976e-01
  -8.2481455e-02   1.1252730e-01
  -8.9979768e-02   1.1650649e-01
  -9.7478080e-02   1.2059518e-01
  -1.0497639e-01   1.2480182e-01
  -1.1247471e-01   1.2913552e-01
  -1.1997302e-01   1.3360616e-01
  -1.2747133e-01   1.3822441e-01
  -1.3496964e-01   1.4300193e-01
  -1.4246796e-01   1.4795141e-01
  -1.4996627e-01   1.5308676e-01
  -1.5746458e-01   1.5842322e-01
  -1.6496289e-01   1.6397761e-01
  -1.7246121e-01   1.6976844e-01
  -1.7995952e-01   1.7581623e-01
  -1.8745783e-01   1.8214369e-01
  -1.9495614e-01   1.8877606e-01
  -2.0245446e-01   1.9574139e-01
  -2.0995277e-01   2.0307089e-01
  -2.1745108e-01   2.1079932e-01
  -2.2494939e-01   2.1896534e-01
  -2.3244771e-01   2.2761196e-01
  -2.3994602e-01   2.3678695e-01
  -2.4744433e-01   2.4654328e-01
  -2.5494265e-01   2.5693956e-01
  -2.6244096e-01   2.6804053e-01
  -2.6993927e-01   2.7991753e-01
  -2.7743758e-01   2.9264904e-01
  -2.8493590e-01   3.0632137e-01
  -2.9243421e-01   3.2102945e-01
  -2.9993252e-01   3.3687799e-01
  -3.0743083e-01   3.5398305e-01
  -3.1492915e-01   3.7247435e-01
  -3.2242746e-01   3.9249853e-01
  -3.2992577e-01   4.1422389e-01
  -3.3742408e-01   4.3784701e-01
  -3.4492240e-01   4.6360217e-01
  -3.5242071e-01   4.9177429e-01
  -3.5991902e-01   5.2271694e-01
  -3.6741734e-01   5.5687718e-01
  -3.7491565e-01   5.9483010e-01
  -3.8241396e-01   6.3732746e-01
  -3.8991227e-01   6.8535786e-01
  -3.9740442e-01   7.4015884e-01
  -4.0485372e-01   8.0311536e-01
  -4.1219438e-01   8.7574668e-01
  -4.1935860e-01   9.5983309e-01
  -4.2628514e-01   1.0574865e+00
  -4.3292123e-01   1.1711864e+00
  -4.3922384e-01   1.3038164e+00
  -4.4516030e-01   1.4587088e+00
  -4.5070838e-01   1.6397043e+00
  -4.5585574e-01   1.8512298e+00
  -4.6059905e-01   2.0983934e+00
  -4.6494277e-01   2.3870881e+00
  -4.6889784e-01   2.7240838e+00
  -4.7248026e-01   3.1170671e+00
  -4.7570984e-01   3.5745571e+00
  -4.7860893e-01   4.1055746e+00
  -4.8120137e-01   4.7188756e+00
  -4.8351168e-01   5.4214813e+00
  -4.8556427e-01   6.2161813e+00
  -4.8738293e-01   7.0977264e+00
  -4.8899045e-01   8.0476388e+00
  -4.9040832e-01   9.0280177e+00
  -4.9165656e-01   9.9753490e+00
  -4.9275365e-01   1.0795873e+01
  -4.9371649e-01   1.1364104e+01
  -4.9456043e-01   1.1525273e+01
  -4.9529932e-01   1.1100869e+01
  -4.9594561e-01   9.8947090e+00
  -4.9651042e-01   7.6959380e+00
  -4.9700365e-01   4.2755380e+00
  -4.9743408e-01  -6.2606235e-01
  -4.9780951e-01  -7.3217059e+00
  -4.9813679e-01  -1.6212072e+01
  -4.9842197e-01  -2.7835427e+01
  -4.9867038e-01  -4.2940098e+01
  -4.9888669e-01  -6.2594974e+01
  -4.9907499e-01  -8.8368275e+01
  -4.9923887e-01  -1.2263566e+02
  -4.9938146e-01  -1.6914920e+02
  -4.9950550e-01  -2.3417179e+02
  -4.9961340e-01  -3.2893860e+02
  -4.9970723e-01  -4.7553408e+02
  -4.9978883e-01  -7.2277915e+02
  -4.9985977e-01  -1.1982613e+03
  -4.9992145e-01  -2.3478631e+03
  -4.9997507e-01  -7.3523656e+03
