   4.9997507e-01   2.2425304e+00
   4.9992145e-01   1.8454871e+00
   4.9985977e-01   1.5890816e+00
   4.9978883e-01   1.4137934e+00
   4.9970723e-01   1.2870412e+00
   4.9961340e-01   1.1896756e+00
   4.9950550e-01   1.1103726e+00
   4.9938146e-01   1.0425506e+00
   4.9923887e-01   9.8241380e-01
   4.9907499e-01   9.2772462e-01
   4.9888669e-01   8.7709025e-01
   4.9867038e-01   8.2958208e-01
   4.9842197e-01   7.8454096e-01
   4.9813678e-01   7.4147596e-01
   4.9780950e-01   7.0000788e-01
   4.9743408e-01   6.5983537e-01
   4.9700364e-01   6.2071325e-01
   4.9651041e-01   5.8243833e-01
   4.9594561e-01   5.4484001e-01
   4.9529932e-01   5.0777447e-01
   4.9456042e-01   4.7112150e-01
   4.9371648e-01   4.3478382e-01
   4.9275364e-01   3.9868855e-01
   4.9165655e-01   3.6279072e-01
   4.9040831e-01   3.2707846e-01
   4.8899044e-01   2.9157929e-01
   4.8738291e-01   2.5636656e-01
   4.8556425e-01   2.2156469e-01
   4.8351166e-01   1.8735171e-01
   4.8120136e-01   1.5395741e-01
   4.7860891e-01   1.2165602e-01
   4.7570982e-01   9.0752907e-02
   4.7248024e-01   6.1566000e-02
   4.6889781e-01   3.4403806e-02
   4.6494275e-01   9.5426330e-03
   4.6059902e-01  -1.2793927e-02
   4.5585571e-01  -3.2450693e-02
   4.5070835e-01  -4.9350107e-02
   4.4516027e-01  -6.3494548e-02
   4.3922381e-01  -7.4962337e-02
   4.3292120e-01  -8.3898746e-02
   4.2628511e-01  -9.0503543e-02
   4.1935856e-01  -9.5016511e-02
   4.1219434e-01  -9.7702292e-02
   4.0485369e-01  -9.8833016e-02
   3.9740439e-01  -9.8674331e-02
   3.8991224e-01  -9.7516678e-02
   3.8241393e-01  -9.5613425e-02
   3.7491562e-01  -9.3129325e-02
   3.6741730e-01  -9.0194399e-02
   3.5991899e-01  -8.6915001e-02
   3.5242068e-01  -8.3376133e-02
   3.4492237e-01  -7.9645646e-02
   3.3742405e-01  -7.5777743e-02
   3.2992574e-01  -7.1815735e-02
   3.2242743e-01  -6.7794215e-02
   3.1492911e-01  -6.3740752e-02
   3.0743080e-01  -5.9677245e-02
   2.9993249e-01  -5.5620985e-02
   2.9243418e-01  -5.1585519e-02
   2.8493586e-01  -4.7581335e-02
   2.7743755e-01  -4.3616417e-02
   2.6993924e-01  -3.9696705e-02
   2.6244093e-01  -3.5826458e-02
   2.5494261e-01  -3.2008558e-02
   2.4744430e-01  -2.8244756e-02
   2.3994599e-01  -2.4535880e-02
   2.3244768e-01  -2.0881996e-02
   2.2494936e-01  -1.7282553e-02
   2.1745105e-01  -1.3736491e-02
   2.0995274e-01  -1.0242339e-02
   2.0245443e-01  -6.7982894e-03
   1.9495611e-01  -3.4022654e-03
   1.8745780e-01  -5.1970521e-05
   1.7995949e-01   3.2550674e-03
   1.7246117e-01   6.5214612e-03
   1.6496286e-01   9.7499358e-03
   1.5746455e-01   1.2943306e-02
   1.4996624e-01   1.6104457e-02
   1.4246792e-01   1.9236333e-02
   1.3496961e-01   2.2341923e-02
   1.2747130e-01   2.5424255e-02
   1.1997299e-01   2.8486390e-02
   1.1247467e-01   3.1531418e-02
   1.0497636e-01   3.4562458e-02
   9.7478048e-02   3.7582656e-02
   8.9979736e-02   4.0595188e-02
   8.2481423e-02   4.3603263e-02
   7.4983110e-02   4.6610124e-02
   6.7484798e-02   4.9619057e-02
   5.9986485e-02   5.2633392e-02
   5.2488173e-02   5.5656517e-02
   4.4989860e-02   5.8691877e-02
   3.7491547e-02   6.1742990e-02
   2.9993235e-02   6.4813454e-02
   2.2494922e-02   6.7906957e-02
   1.4996609e-02   7.1027289e-02
   7.4982967e-03   7.4178356e-02
  -1.5895382e-08   7.7364196e-02
  -7.4983285e-03   8.0588989e-02
  -1.4996641e-02   8.3857079e-02
  -2.2494954e-02   8.7172992e-02
  -2.9993266e-02   9.0541454e-02
  -3.7491579e-02   9.3967420e-02
  -4.4989892e-02   9.7456090e-02
  -5.2488204e-02   1.0101295e-01
  -5.9986517e-02   1.0464378e-01
  -6.7484830e-02   1.0835473e-01
  -7.4983142e-02   1.1215231e-01
  -8.2481455e-02   1.1604347e-01
  -8.9979768e-02   1.2003564e-01
  -9.7478080e-02   1.2413678e-01
  -1.0497639e-01   1.2835545e-01
  -1.1247471e-01   1.3270086e-01
  -1.1997302e-01   1.3718302e-01
  -1.2747133e-01   1.4181273e-01
  -1.3496964e-01   1.4660177e-01
  -1.4246796e-01   1.5156299e-01
  -1.4996627e-01   1.5671046e-01
  -1.5746458e-01   1.6205958e-01
  -1.6496289e-01   1.6762730e-01
  -1.7246121e-01   1.7343233e-01
  -1.7995952e-01   1.7949530e-01
  -1.8745783e-01   1.8583903e-01
  -1.9495614e-01   1.9248882e-01
  -2.0245446e-01   1.9947271e-01
  -2.0995277e-01   2.0682179e-01
  -2.1745108e-01   2.1457053e-01
  -2.2494939e-01   2.2275717e-01
  -2.3244771e-01   2.3142400e-01
  -2.3994602e-01   2.4061784e-01
  -2.4744433e-01   2.5039032e-01
  -2.5494265e-01   2.6079836e-01
  -2.6244096e-01   2.7190456e-01
  -2.6993927e-01   2.8377769e-01
  -2.7743758e-01   2.9649326e-01
  -2.8493590e-01   3.1013417e-01
  -2.9243421e-01   3.2479170e-01
  -2.9993252e-01   3.4056675e-01
  -3.0743083e-01   3.5757164e-01
  -3.1492915e-01   3.7593264e-01
  -3.2242746e-01   3.9579361e-01
  -3.2992577e-01   4.1732099e-01
  -3.3742408e-01   4.4071085e-01
  -3.4492240e-01   4.6619854e-01
  -3.5242071e-01   4.9407194e-01
  -3.5991902e-01   5.2468959e-01
  -3.6741734e-01   5.5850546e-01
  -3.7491565e-01   5.9610331e-01
  -3.8241396e-01   6.3824479e-01
  -3.8991227e-01   6.8592916e-01
  -3.9740442e-01   7.4040498e-01
  -4.0485372e-01   8.0306727e-01
  -4.1219438e-01   8.7544071e-01
  -4.1935860e-01   9.5930331e-01
  -4.2628514e-01   1.0567559e+00
  -4.3292123e-01   1.1702583e+00
  -4.3922384e-01   1.3026673e+00
  -4.4516030e-01   1.4572844e+00
  -4.5070838e-01   1.6379187e+00
  -4.5585574e-01   1.8489681e+00
  -4.6059905e-01   2.0955191e+00
  -4.6494277e-01   2.3834556e+00
  -4.6889784e-01   2.7195592e+00
  -4.7248026e-01   3.1115631e+00
  -4.7570984e-01   3.5680927e+00
  -4.7860893e-01   4.0983774e+00
  -4.8120137e-01   4.7115506e+00
  -4.8351168e-01   5.4152727e+00
  -4.8556427e-01   6.2133457e+00
  -4.8738293e-01   7.1020075e+00
  -4.8899045e-01   8.0647770e+00
  -4.9040832e-01   9.0661532e+00
  -4.9165656e-01   1.0045116e+01
  -4.9275365e-01   1.0909981e+01
  -4.9371649e-01   1.1536331e+01
  -4.9456043e-01   1.1768986e+01
  -4.9529932e-01   1.1427453e+01
  -4.9594561e-01   1.0312358e+01
  -4.9651042e-01   8.2091954e+00
  -4.9700365e-01   4.8857112e+00
  -4.9743408e-01   8.0246160e-02
  -4.9780951e-01  -6.5205686e+00
  -4.9813679e-01  -1.5316293e+01
  -4.9842197e-01  -2.6842590e+01
  -4.9867038e-01  -4.1843976e+01
  -4.9888669e-01  -6.1384720e+01
  -4.9907499e-01  -8.7028365e+01
  -4.9923887e-01  -1.2114801e+02
  -4.9938146e-01  -1.6750140e+02
  -4.9950550e-01  -2.3237926e+02
  -4.9961340e-01  -3.2708654e+02
  -4.9970723e-01  -4.7381346e+02
  -4.9978883e-01  -7.2136324e+02
  -4.9985977e-01  -1.1964749e+03
  -4.9992145e-01  -2.3414602e+03
  -4.9997507e-01  -7.3826861e+03
