   4.9997507e-01   2.2436372e+00
   4.9992145e-01   1.8445897e+00
   4.9985977e-01   1.5884543e+00
   4.9978883e-01   1.4142744e+00
   4.9970723e-01   1.2889060e+00
   4.9961340e-01   1.1929906e+00
   4.9950550e-01   1.1151428e+00
   4.9938146e-01   1.0487750e+00
   4.9923887e-01   9.9010262e-01
   4.9907499e-01   9.3690076e-01
   4.9888669e-01   8.8778774e-01
   4.9867038e-01   8.4184392e-01
   4.9842197e-01   7.9841761e-01
   4.9813678e-01   7.5702418e-01
   4.9780950e-01   7.1728985e-01
   4.9743408e-01   6.7891782e-01
   4.9700364e-01   6.4166654e-01
   4.9651041e-01   6.0533529e-01
   4.9594561e-01   5.6975432e-01
   4.9529932e-01   5.3477824e-01
   4.9456042e-01   5.0028175e-01
   4.9371648e-01   4.6615736e-01
   4.9275364e-01   4.3231494e-01
   4.9165655e-01   3.9868292e-01
   4.9040831e-01   3.6521125e-01
   4.8899044e-01   3.3187578e-01
   4.8738291e-01   2.9868398e-01
   4.8556425e-01   2.6568102e-01
   4.8351166e-01   2.3295552e-01
   4.8120136e-01   2.0064353e-01
   4.7860891e-01   1.6892933e-01
   4.7570982e-01   1.3804194e-01
   4.7248024e-01   1.0824629e-01
   4.6889781e-01   7.9829355e-02
   4.6494275e-01   5.3082052e-02
   4.6059902e-01   2.8278918e-02
   4.5585571e-01   5.6580302e-03
   4.5070835e-01  -1.4596288e-02
   4.4516027e-01  -3.2365938e-02
   4.3922381e-01  -4.7605528e-02
   4.3292120e-01  -6.0342653e-02
   4.2628511e-01  -7.0672587e-02
   4.1935856e-01  -7.8748472e-02
   4.1219434e-01  -8.4768293e-02
   4.0485369e-01  -8.8957841e-02
   3.9740439e-01  -9.1557541e-02
   3.8991224e-01  -9.2849297e-02
   3.8241393e-01  -9.3100369e-02
   3.7491562e-01  -9.2503546e-02
   3.6741730e-01  -9.1215841e-02
   3.5991899e-01  -8.9367899e-02
   3.5242068e-01  -8.7066767e-02
   3.4492237e-01  -8.4400276e-02
   3.3742405e-01  -8.1440704e-02
   3.2992574e-01  -7.8247686e-02
   3.2242743e-01  -7.4870529e-02
   3.1492911e-01  -7.1350059e-02
   3.0743080e-01  -6.7720091e-02
   2.9993249e-01  -6.4008632e-02
   2.9243418e-01  -6.0238846e-02
   2.8493586e-01  -5.6429853e-02
   2.7743755e-01  -5.2597377e-02
   2.6993924e-01  -4.8754289e-02
   2.6244093e-01  -4.4911059e-02
   2.5494261e-01  -4.1076123e-02
   2.4744430e-01  -3.7256201e-02
   2.3994599e-01  -3.3456558e-02
   2.3244768e-01  -2.9681226e-02
   2.2494936e-01  -2.5933187e-02
   2.1745105e-01  -2.2214533e-02
   2.0995274e-01  -1.8526599e-02
   2.0245443e-01  -1.4870073e-02
   1.9495611e-01  -1.1245095e-02
   1.8745780e-01  -7.6513348e-03
   1.7995949e-01  -4.0880606e-03
   1.7246117e-01  -5.5419801e-04
   1.6496286e-01   2.9516217e-03
   1.5746455e-01   6.4310206e-03
   1.4996624e-01   9.8858395e-03
   1.4246792e-01   1.3318109e-02
   1.3496961e-01   1.6730026e-02
   1.2747130e-01   2.0123933e-02
   1.1997299e-01   2.3502303e-02
   1.1247467e-01   2.6867729e-02
   1.0497636e-01   3.0222907e-02
   9.7478048e-02   3.3570638e-02
   8.9979736e-02   3.6913816e-02
   8.2481423e-02   4.0255426e-02
   7.4983110e-02   4.3598547e-02
   6.7484798e-02   4.6946346e-02
   5.9986485e-02   5.0302085e-02
   5.2488173e-02   5.3669121e-02
   4.4989860e-02   5.7050915e-02
   3.7491547e-02   6.0451031e-02
   2.9993235e-02   6.3873153e-02
   2.2494922e-02   6.7321084e-02
   1.4996609e-02   7.0798766e-02
   7.4982967e-03   7.4310282e-02
  -1.5895382e-08   7.7859878e-02
  -7.4983285e-03   8.1451973e-02
  -1.4996641e-02   8.5091176e-02
  -2.2494954e-02   8.8782306e-02
  -2.9993266e-02   9.2530412e-02
  -3.7491579e-02   9.6340797e-02
  -4.4989892e-02   1.0021904e-01
  -5.2488204e-02   1.0417104e-01
  -5.9986517e-02   1.0820302e-01
  -6.7484830e-02   1.1232159e-01
  -7.4983142e-02   1.1653378e-01
  -8.2481455e-02   1.2084707e-01
  -8.9979768e-02   1.2526947e-01
  -9.7478080e-02   1.2980954e-01
  -1.0497639e-01   1.3447652e-01
  -1.1247471e-01   1.3928032e-01
  -1.1997302e-01   1.4423169e-01
  -1.2747133e-01   1.4934224e-01
  -1.3496964e-01   1.5462462e-01
  -1.4246796e-01   1.6009261e-01
  -1.4996627e-01   1.6576127e-01
  -1.5746458e-01   1.7164712e-01
  -1.6496289e-01   1.7776832e-01
  -1.7246121e-01   1.8414489e-01
  -1.7995952e-01   1.9079897e-01
  -1.8745783e-01   1.9775508e-01
  -1.9495614e-01   2.0504043e-01
  -2.0245446e-01   2.1268530e-01
  -2.0995277e-01   2.2072340e-01
  -2.1745108e-01   2.2919231e-01
  -2.2494939e-01   2.3813392e-01
  -2.3244771e-01   2.4759496e-01
  -2.3994602e-01   2.5762752e-01
  -2.4744433e-01   2.6828959e-01
  -2.5494265e-01   2.7964566e-01
  -2.6244096e-01   2.9176738e-01
  -2.6993927e-01   3.0473418e-01
  -2.7743758e-01   3.1863404e-01
  -2.8493590e-01   3.3356431e-01
  -2.9243421e-01   3.4963274e-01
  -2.9993252e-01   3.6695877e-01
  -3.0743083e-01   3.8567528e-01
  -3.1492915e-01   4.0593093e-01
  -3.2242746e-01   4.2789359e-01
  -3.2992577e-01   4.5175502e-01
  -3.3742408e-01   4.7773766e-01
  -3.4492240e-01   5.0610407e-01
  -3.5242071e-01   5.3717030e-01
  -3.5991902e-01   5.7132444e-01
  -3.6741734e-01   6.0905279e-01
  -3.7491565e-01   6.5097643e-01
  -3.8241396e-01   6.9790299e-01
  -3.8991227e-01   7.5089110e-01
  -3.9740442e-01   8.1126478e-01
  -4.0485372e-01   8.8050157e-01
  -4.1219438e-01   9.6022050e-01
  -4.1935860e-01   1.0523297e+00
  -4.2628514e-01   1.1591106e+00
  -4.3292123e-01   1.2832627e+00
  -4.3922384e-01   1.4279448e+00
  -4.4516030e-01   1.5968221e+00
  -4.5070838e-01   1.7941245e+00
  -4.5585574e-01   2.0247209e+00
  -4.6059905e-01   2.2942083e+00
  -4.6494277e-01   2.6090082e+00
  -4.6889784e-01   2.9764487e+00
  -4.7248026e-01   3.4047903e+00
  -4.7570984e-01   3.9031249e+00
  -4.7860893e-01   4.4810299e+00
  -4.8120137e-01   5.1478023e+00
  -4.8351168e-01   5.9110371e+00
  -4.8556427e-01   6.7742689e+00
  -4.8738293e-01   7.7334260e+00
  -4.8899045e-01   8.7719990e+00
  -4.9040832e-01   9.8551537e+00
  -4.9165656e-01   1.0923487e+01
  -4.9275365e-01   1.1887581e+01
  -4.9371649e-01   1.2624676e+01
  -4.9456043e-01   1.2978395e+01
  -4.9529932e-01   1.2761382e+01
  -4.9594561e-01   1.1759314e+01
  -4.9651042e-01   9.7334641e+00
  -4.9700365e-01   6.4184475e+00
  -4.9743408e-01   1.5119490e+00
  -4.9780951e-01  -5.3462753e+00
  -4.9813679e-01  -1.4608866e+01
  -4.9842197e-01  -2.6873041e+01
  -4.9867038e-01  -4.2958709e+01
  -4.9888669e-01  -6.4028873e+01
  -4.9907499e-01  -9.1784916e+01
  -4.9923887e-01  -1.2880369e+02
  -4.9938146e-01  -1.7916154e+02
  -4.9950550e-01  -2.4968032e+02
  -4.9961340e-01  -3.5262290e+02
  -4.9970723e-01  -5.1207878e+02
  -4.9978883e-01  -7.8107008e+02
  -4.9985977e-01  -1.2972488e+03
  -4.9992145e-01  -2.5393719e+03
  -4.9997507e-01  -7.9478334e+03
