   4.9997507e-01   4.2952173e+00
   4.9992145e-01   3.4351813e+00
   4.9985977e-01   2.8902774e+00
   4.9978883e-01   2.5231176e+00
   4.9970723e-01   2.2580923e+00
   4.9961340e-01   2.0524884e+00
   4.9950550e-01   1.8823083e+00
   4.9938146e-01   1.7342102e+00
   4.9923887e-01   1.6006931e+00
   4.9907499e-01   1.4773413e+00
   4.9888669e-01   1.3613654e+00
   4.9867038e-01   1.2508755e+00
   4.9842197e-01   1.1445258e+00
   4.9813678e-01   1.0413346e+00
   4.9780950e-01   9.4059063e-01
   4.9743408e-01   8.4180600e-01
   4.9700364e-01   7.4469503e-01
   4.9651041e-01   6.4916879e-01
   4.9594561e-01   5.5533585e-01
   4.9529932e-01   4.6350152e-01
   4.9456042e-01   3.7415849e-01
   4.9371648e-01   2.8796266e-01
   4.9275364e-01   2.0569107e-01
   4.9165655e-01   1.2818211e-01
   4.9040831e-01   5.6263252e-02
   4.8899044e-01  -9.3244829e-03
   4.8738291e-01  -6.7993954e-02
   4.8556425e-01  -1.1936054e-01
   4.8351166e-01  -1.6326528e-01
   4.8120136e-01  -1.9977139e-01
   4.7860891e-01  -2.2913878e-01
   4.7570982e-01  -2.5178455e-01
   4.7248024e-01  -2.6823855e-01
   4.6889781e-01  -2.7910136e-01
   4.6494275e-01  -2.8500916e-01
   4.6059902e-01  -2.8660735e-01
   4.5585571e-01  -2.8453201e-01
   4.5070835e-01  -2.7939749e-01
   4.4516027e-01  -2.7178791e-01
   4.3922381e-01  -2.6225052e-01
   4.3292120e-01  -2.5129006e-01
   4.2628511e-01  -2.3936291e-01
   4.1935856e-01  -2.2687351e-01
   4.1219434e-01  -2.1416764e-01
   4.0485369e-01  -2.0153681e-01
   3.9740439e-01  -1.8919588e-01
   3.8991224e-01  -1.7734557e-01
   3.8241393e-01  -1.6609740e-01
   3.7491562e-01  -1.5543278e-01
   3.6741730e-01  -1.4532113e-01
   3.5991899e-01  -1.3573464e-01
   3.5242068e-01  -1.2664441e-01
   3.4492237e-01  -1.1802099e-01
   3.3742405e-01  -1.0983509e-01
   3.2992574e-01  -1.0205819e-01
   3.2242743e-01  -9.4662837e-02
   3.1492911e-01  -8.7622954e-02
   3.0743080e-01  -8.0913894e-02
   2.9993249e-01  -7.4512505e-02
   2.9243418e-01  -6.8397115e-02
   2.8493586e-01  -6.2547489e-02
   2.7743755e-01  -5.6944765e-02
   2.6993924e-01  -5.1571377e-02
   2.6244093e-01  -4.6410975e-02
   2.5494261e-01  -4.1448342e-02
   2.4744430e-01  -3.6669308e-02
   2.3994599e-01  -3.2060675e-02
   2.3244768e-01  -2.7610137e-02
   2.2494936e-01  -2.3306207e-02
   2.1745105e-01  -1.9138153e-02
   2.0995274e-01  -1.5095932e-02
   2.0245443e-01  -1.1170132e-02
   1.9495611e-01  -7.3519161e-03
   1.8745780e-01  -3.6329764e-03
   1.7995949e-01  -5.4829427e-06
   1.7246117e-01   3.5379567e-03
   1.6496286e-01   7.0043377e-03
   1.5746455e-01   1.0400295e-02
   1.4996624e-01   1.3732136e-02
   1.4246792e-01   1.7005874e-02
   1.3496961e-01   2.0227257e-02
   1.2747130e-01   2.3401791e-02
   1.1997299e-01   2.6534771e-02
   1.1247467e-01   2.9631304e-02
   1.0497636e-01   3.2696325e-02
   9.7478048e-02   3.5734628e-02
   8.9979736e-02   3.8750877e-02
   8.2481423e-02   4.1749631e-02
   7.4983110e-02   4.4735360e-02
   6.7484798e-02   4.7712462e-02
   5.9986485e-02   5.0685282e-02
   5.2488173e-02   5.3658127e-02
   4.4989860e-02   5.6635284e-02
   3.7491547e-02   5.9621034e-02
   2.9993235e-02   6.2619671e-02
   2.2494922e-02   6.5635517e-02
   1.4996609e-02   6.8672938e-02
   7.4982967e-03   7.1736361e-02
  -1.5895382e-08   7.4830294e-02
  -7.4983285e-03   7.7959340e-02
  -1.4996641e-02   8.1128220e-02
  -2.2494954e-02   8.4341788e-02
  -2.9993266e-02   8.7605057e-02
  -3.7491579e-02   9.0923217e-02
  -4.4989892e-02   9.4301662e-02
  -5.2488204e-02   9.7746013e-02
  -5.9986517e-02   1.0126215e-01
  -6.7484830e-02   1.0485623e-01
  -7.4983142e-02   1.0853474e-01
  -8.2481455e-02   1.1230451e-01
  -8.9979768e-02   1.1617277e-01
  -9.7478080e-02   1.2014719e-01
  -1.0497639e-01   1.2423591e-01
  -1.1247471e-01   1.2844762e-01
  -1.1997302e-01   1.3279160e-01
  -1.2747133e-01   1.3727779e-01
  -1.3496964e-01   1.4191687e-01
  -1.4246796e-01   1.4672035e-01
  -1.4996627e-01   1.5170062e-01
  -1.5746458e-01   1.5687112e-01
  -1.6496289e-01   1.6224642e-01
  -1.7246121e-01   1.6784234e-01
  -1.7995952e-01   1.7367615e-01
  -1.8745783e-01   1.7976674e-01
  -1.9495614e-01   1.8613479e-01
  -2.0245446e-01   1.9280303e-01
  -2.0995277e-01   1.9979652e-01
  -2.1745108e-01   2.0714296e-01
  -2.2494939e-01   2.1487305e-01
  -2.3244771e-01   2.2302094e-01
  -2.3994602e-01   2.3162473e-01
  -2.4744433e-01   2.4072710e-01
  -2.5494265e-01   2.5037598e-01
  -2.6244096e-01   2.6062547e-01
  -2.6993927e-01   2.7153682e-01
  -2.7743758e-01   2.8317972e-01
  -2.8493590e-01   2.9563382e-01
  -2.9243421e-01   3.0899058e-01
  -2.9993252e-01   3.2335563e-01
  -3.0743083e-01   3.3885166e-01
  -3.1492915e-01   3.5562207e-01
  -3.2242746e-01   3.7383572e-01
  -3.2992577e-01   3.9369299e-01
  -3.3742408e-01   4.1543389e-01
  -3.4492240e-01   4.3934882e-01
  -3.5242071e-01   4.6579339e-01
  -3.5991902e-01   4.9520875e-01
  -3.6741734e-01   5.2815004e-01
  -3.7491565e-01   5.6532568e-01
  -3.8241396e-01   6.0765164e-01
  -3.8991227e-01   6.5632399e-01
  -3.9740442e-01   7.1285301e-01
  -4.0485372e-01   7.7888314e-01
  -4.1219438e-01   8.5602046e-01
  -4.1935860e-01   9.4582192e-01
  -4.2628514e-01   1.0497180e+00
  -4.3292123e-01   1.1690126e+00
  -4.3922384e-01   1.3050962e+00
  -4.4516030e-01   1.4598500e+00
  -4.5070838e-01   1.6360839e+00
  -4.5585574e-01   1.8378308e+00
  -4.6059905e-01   2.0704316e+00
  -4.6494277e-01   2.3404740e+00
  -4.6889784e-01   2.6556953e+00
  -4.7248026e-01   3.0249372e+00
  -4.7570984e-01   3.4582007e+00
  -4.7860893e-01   3.9668276e+00
  -4.8120137e-01   4.5638224e+00
  -4.8351168e-01   5.2643217e+00
  -4.8556427e-01   6.0861989e+00
  -4.8738293e-01   7.0507869e+00
  -4.8899045e-01   8.1836906e+00
  -4.9040832e-01   9.5156621e+00
  -4.9165656e-01   1.1083484e+01
  -4.9275365e-01   1.2930714e+01
  -4.9371649e-01   1.5107941e+01
  -4.9456043e-01   1.7671783e+01
  -4.9529932e-01   2.0681115e+01
  -4.9594561e-01   2.4187972e+01
  -4.9651042e-01   2.8219318e+01
  -4.9700365e-01   3.2745221e+01
  -4.9743408e-01   3.7630232e+01
  -4.9780951e-01   4.2569496e+01
  -4.9813679e-01   4.7019298e+01
  -4.9842197e-01   5.0139059e+01
  -4.9867038e-01   5.0759503e+01
  -4.9888669e-01   4.7371344e+01
  -4.9907499e-01   3.8090557e+01
  -4.9923887e-01   2.0507920e+01
  -4.9938146e-01  -8.7329218e+00
  -4.9950550e-01  -5.4919627e+01
  -4.9961340e-01  -1.2749518e+02
  -4.9970723e-01  -2.4538953e+02
  -4.9978883e-01  -4.5143256e+02
  -4.9985977e-01  -8.5969714e+02
  -4.9992145e-01  -1.8749977e+03
  -4.9997507e-01  -6.4568532e+03
