   4.9997507e-01   1.7030066e+00
   4.9992145e-01   1.4256805e+00
   4.9985977e-01   1.2711563e+00
   4.9978883e-01   1.1778054e+00
   4.9970723e-01   1.1111392e+00
   4.9961340e-01   1.0582151e+00
   4.9950550e-01   1.0135647e+00
   4.9938146e-01   9.7447960e-01
   4.9923887e-01   9.3941079e-01
   4.9907499e-01   9.0738009e-01
   4.9888669e-01   8.7772749e-01
   4.9867038e-01   8.4998610e-01
   4.9842197e-01   8.2381327e-01
   4.9813678e-01   7.9894988e-01
   4.9780950e-01   7.7519493e-01
   4.9743408e-01   7.5238891e-01
   4.9700364e-01   7.3040252e-01
   4.9651041e-01   7.0912882e-01
   4.9594561e-01   6.8847753e-01
   4.9529932e-01   6.6837080e-01
   4.9456042e-01   6.4874006e-01
   4.9371648e-01   6.2952360e-01
   4.9275364e-01   6.1066475e-01
   4.9165655e-01   5.9211071e-01
   4.9040831e-01   5.7381185e-01
   4.8899044e-01   5.5572178e-01
   4.8738291e-01   5.3779818e-01
   4.8556425e-01   5.2000448e-01
   4.8351166e-01   5.0231267e-01
   4.8120136e-01   4.8470683e-01
   4.7860891e-01   4.6718760e-01
   4.7570982e-01   4.4977677e-01
   4.7248024e-01   4.3252143e-01
   4.6889781e-01   4.1549686e-01
   4.6494275e-01   3.9880708e-01
   4.6059902e-01   3.8258228e-01
   4.5585571e-01   3.6697287e-01
   4.5070835e-01   3.5214012e-01
   4.4516027e-01   3.3824444e-01
   4.3922381e-01   3.2543256e-01
   4.3292120e-01   3.1382551e-01
   4.2628511e-01   3.0350890e-01
   4.1935856e-01   2.9452702e-01
   4.1219434e-01   2.8688124e-01
   4.0485369e-01   2.8053275e-01
   3.9740439e-01   2.7541147e-01
   3.8991224e-01   2.7140234e-01
   3.8241393e-01   2.6832000e-01
   3.7491562e-01   2.6605240e-01
   3.6741730e-01   2.6449173e-01
   3.5991899e-01   2.6353905e-01
   3.5242068e-01   2.6310963e-01
   3.4492237e-01   2.6313080e-01
   3.3742405e-01   2.6354005e-01
   3.2992574e-01   2.6428353e-01
   3.2242743e-01   2.6531481e-01
   3.1492911e-01   2.6659374e-01
   3.0743080e-01   2.6808568e-01
   2.9993249e-01   2.6976063e-01
   2.9243418e-01   2.7159269e-01
   2.8493586e-01   2.7355950e-01
   2.7743755e-01   2.7564173e-01
   2.6993924e-01   2.7782274e-01
   2.6244093e-01   2.8008820e-01
   2.5494261e-01   2.8242583e-01
   2.4744430e-01   2.8482511e-01
   2.3994599e-01   2.8727706e-01
   2.3244768e-01   2.8977407e-01
   2.2494936e-01   2.9230970e-01
   2.1745105e-01   2.9487857e-01
   2.0995274e-01   2.9747618e-01
   2.0245443e-01   3.0009885e-01
   1.9495611e-01   3.0274360e-01
   1.8745780e-01   3.0540805e-01
   1.7995949e-01   3.0809036e-01
   1.7246117e-01   3.1078918e-01
   1.6496286e-01   3.1350356e-01
   1.5746455e-01   3.1623293e-01
   1.4996624e-01   3.1897703e-01
   1.4246792e-01   3.2173590e-01
   1.3496961e-01   3.2450984e-01
   1.2747130e-01   3.2729937e-01
   1.1997299e-01   3.3010522e-01
   1.1247467e-01   3.3292829e-01
   1.0497636e-01   3.3576967e-01
   9.7478048e-02   3.3863058e-01
   8.9979736e-02   3.4151242e-01
   8.2481423e-02   3.4441669e-01
   7.4983110e-02   3.4734503e-01
   6.7484798e-02   3.5029921e-01
   5.9986485e-02   3.5328110e-01
   5.2488173e-02   3.5629270e-01
   4.4989860e-02   3.5933614e-01
   3.7491547e-02   3.6241365e-01
   2.9993235e-02   3.6552759e-01
   2.2494922e-02   3.6868046e-01
   1.4996609e-02   3.7187487e-01
   7.4982967e-03   3.7511358e-01
  -1.5895382e-08   3.7839952e-01
  -7.4983285e-03   3.8173573e-01
  -1.4996641e-02   3.8512548e-01
  -2.2494954e-02   3.8857217e-01
  -2.9993266e-02   3.9207942e-01
  -3.7491579e-02   3.9565106e-01
  -4.4989892e-02   3.9929114e-01
  -5.2488204e-02   4.0300396e-01
  -5.9986517e-02   4.0679407e-01
  -6.7484830e-02   4.1066633e-01
  -7.4983142e-02   4.1462589e-01
  -8.2481455e-02   4.1867824e-01
  -8.9979768e-02   4.2282921e-01
  -9.7478080e-02   4.2708504e-01
  -1.0497639e-01   4.3145238e-01
  -1.1247471e-01   4.3593834e-01
  -1.1997302e-01   4.4055050e-01
  -1.2747133e-01   4.4529698e-01
  -1.3496964e-01   4.5018647e-01
  -1.4246796e-01   4.5522829e-01
  -1.4996627e-01   4.6043243e-01
  -1.5746458e-01   4.6580963e-01
  -1.6496289e-01   4.7137141e-01
  -1.7246121e-01   4.7713022e-01
  -1.7995952e-01   4.8309946e-01
  -1.8745783e-01   4.8929363e-01
  -1.9495614e-01   4.9572846e-01
  -2.0245446e-01   5.0242103e-01
  -2.0995277e-01   5.0938994e-01
  -2.1745108e-01   5.1665559e-01
  -2.2494939e-01   5.2424031e-01
  -2.3244771e-01   5.3216878e-01
  -2.3994602e-01   5.4046830e-01
  -2.4744433e-01   5.4916925e-01
  -2.5494265e-01   5.5830562e-01
  -2.6244096e-01   5.6791565e-01
  -2.6993927e-01   5.7804255e-01
  -2.7743758e-01   5.8873549e-01
  -2.8493590e-01   6.0005071e-01
  -2.9243421e-01   6.1205298e-01
  -2.9993252e-01   6.2481730e-01
  -3.0743083e-01   6.3843109e-01
  -3.1492915e-01   6.5299696e-01
  -3.2242746e-01   6.6863608e-01
  -3.2992577e-01   6.8549260e-01
  -3.3742408e-01   7.0373930e-01
  -3.4492240e-01   7.2358484e-01
  -3.5242071e-01   7.4528343e-01
  -3.5991902e-01   7.6914761e-01
  -3.6741734e-01   7.9556563e-01
  -3.7491565e-01   8.2502532e-01
  -3.8241396e-01   8.5814727e-01
  -3.8991227e-01   8.9571834e-01
  -3.9740442e-01   9.3868747e-01
  -4.0485372e-01   9.8815690e-01
  -4.1219438e-01   1.0452528e+00
  -4.1935860e-01   1.1112589e+00
  -4.2628514e-01   1.1876822e+00
  -4.3292123e-01   1.2762781e+00
  -4.3922384e-01   1.3790769e+00
  -4.4516030e-01   1.4984016e+00
  -4.5070838e-01   1.6368674e+00
  -4.5585574e-01   1.7973436e+00
  -4.6059905e-01   1.9828495e+00
  -4.6494277e-01   2.1963434e+00
  -4.6889784e-01   2.4403508e+00
  -4.7248026e-01   2.7163757e+00
  -4.7570984e-01   3.0240476e+00
  -4.7860893e-01   3.3600016e+00
  -4.8120137e-01   3.7165573e+00
  -4.8351168e-01   4.0803625e+00
  -4.8556427e-01   4.4312533e+00
  -4.8738293e-01   4.7416124e+00
  -4.8899045e-01   4.9764234e+00
  -4.9040832e-01   5.0940245e+00
  -4.9165656e-01   5.0473007e+00
  -4.9275365e-01   4.7848235e+00
  -4.9371649e-01   4.2513558e+00
  -4.9456043e-01   3.3872048e+00
  -4.9529932e-01   2.1260826e+00
  -4.9594561e-01   3.9131189e-01
  -4.9651042e-01  -1.9097236e+00
  -4.9700365e-01  -4.8930875e+00
  -4.9743408e-01  -8.7082687e+00
  -4.9780951e-01  -1.3551667e+01
  -4.9813679e-01  -1.9685462e+01
  -4.9842197e-01  -2.7465087e+01
  -4.9867038e-01  -3.7380889e+01
  -4.9888669e-01  -5.0123853e+01
  -4.9907499e-01  -6.6693755e+01
  -4.9923887e-01  -8.8585706e+01
  -4.9938146e-01  -1.1813036e+02
  -4.9950550e-01  -1.5915856e+02
  -4.9961340e-01  -2.1841948e+02
  -4.9970723e-01  -3.0898215e+02
  -4.9978883e-01  -4.5978743e+02
  -4.9985977e-01  -7.4893994e+02
  -4.9992145e-01  -1.4666483e+03
  -4.9997507e-01  -4.8298943e+03
