   4.9997507e-01   2.2942034e+00
   4.9992145e-01   1.8484488e+00
   4.9985977e-01   1.6177070e+00
   4.9978883e-01   1.4754806e+00
   4.9970723e-01   1.3731154e+00
   4.9961340e-01   1.2914729e+00
   4.9950550e-01   1.2222644e+00
   4.9938146e-01   1.1613444e+00
   4.9923887e-01   1.1063390e+00
   4.9907499e-01   1.0557489e+00
   4.9888669e-01   1.0085607e+00
   4.9867038e-01   9.6405573e-01
   4.9842197e-01   9.2170396e-01
   4.9813678e-01   8.8110262e-01
   4.9780950e-01   8.4193749e-01
   4.9743408e-01   8.0395816e-01
   4.9700364e-01   7.6696180e-01
   4.9651041e-01   7.3078282e-01
   4.9594561e-01   6.9528663e-01
   4.9529932e-01   6.6036701e-01
   4.9456042e-01   6.2594634e-01
   4.9371648e-01   5.9197835e-01
   4.9275364e-01   5.5845291e-01
   4.9165655e-01   5.2540190e-01
   4.9040831e-01   4.9290506e-01
   4.8899044e-01   4.6109411e-01
   4.8738291e-01   4.3015352e-01
   4.8556425e-01   4.0031631e-01
   4.8351166e-01   3.7185379e-01
   4.8120136e-01   3.4505944e-01
   4.7860891e-01   3.2022800e-01
   4.7570982e-01   2.9763234e-01
   4.7248024e-01   2.7750122e-01
   4.6889781e-01   2.6000092e-01
   4.6494275e-01   2.4522319e-01
   4.6059902e-01   2.3318028e-01
   4.5585571e-01   2.2380683e-01
   4.5070835e-01   2.1696725e-01
   4.4516027e-01   2.1246687e-01
   4.3922381e-01   2.1006544e-01
   4.3292120e-01   2.0949147e-01
   4.2628511e-01   2.1045679e-01
   4.1935856e-01   2.1267038e-01
   4.1219434e-01   2.1585104e-01
   4.0485369e-01   2.1973912e-01
   3.9740439e-01   2.2411015e-01
   3.8991224e-01   2.2874173e-01
   3.8241393e-01   2.3346913e-01
   3.7491562e-01   2.3821655e-01
   3.6741730e-01   2.4293170e-01
   3.5991899e-01   2.4757497e-01
   3.5242068e-01   2.5211877e-01
   3.4492237e-01   2.5654481e-01
   3.3742405e-01   2.6084180e-01
   3.2992574e-01   2.6500364e-01
   3.2242743e-01   2.6902812e-01
   3.1492911e-01   2.7291584e-01
   3.0743080e-01   2.7666947e-01
   2.9993249e-01   2.8029313e-01
   2.9243418e-01   2.8379196e-01
   2.8493586e-01   2.8717177e-01
   2.7743755e-01   2.9043880e-01
   2.6993924e-01   2.9359953e-01
   2.6244093e-01   2.9666051e-01
   2.5494261e-01   2.9962829e-01
   2.4744430e-01   3.0250932e-01
   2.3994599e-01   3.0530991e-01
   2.3244768e-01   3.0803619e-01
   2.2494936e-01   3.1069405e-01
   2.1745105e-01   3.1328920e-01
   2.0995274e-01   3.1582710e-01
   2.0245443e-01   3.1831298e-01
   1.9495611e-01   3.2075183e-01
   1.8745780e-01   3.2314845e-01
   1.7995949e-01   3.2550740e-01
   1.7246117e-01   3.2783304e-01
   1.6496286e-01   3.3012955e-01
   1.5746455e-01   3.3240090e-01
   1.4996624e-01   3.3465094e-01
   1.4246792e-01   3.3688331e-01
   1.3496961e-01   3.3910154e-01
   1.2747130e-01   3.4130903e-01
   1.1997299e-01   3.4350905e-01
   1.1247467e-01   3.4570476e-01
   1.0497636e-01   3.4789923e-01
   9.7478048e-02   3.5009545e-01
   8.9979736e-02   3.5229633e-01
   8.2481423e-02   3.5450474e-01
   7.4983110e-02   3.5672347e-01
   6.7484798e-02   3.5895529e-01
   5.9986485e-02   3.6120294e-01
   5.2488173e-02   3.6346914e-01
   4.4989860e-02   3.6575661e-01
   3.7491547e-02   3.6806806e-01
   2.9993235e-02   3.7040623e-01
   2.2494922e-02   3.7277387e-01
   1.4996609e-02   3.7517378e-01
   7.4982967e-03   3.7760881e-01
  -1.5895382e-08   3.8008186e-01
  -7.4983285e-03   3.8259591e-01
  -1.4996641e-02   3.8515403e-01
  -2.2494954e-02   3.8775938e-01
  -2.9993266e-02   3.9041525e-01
  -3.7491579e-02   3.9312504e-01
  -4.4989892e-02   3.9589231e-01
  -5.2488204e-02   3.9872080e-01
  -5.9986517e-02   4.0161440e-01
  -6.7484830e-02   4.0457725e-01
  -7.4983142e-02   4.0761368e-01
  -8.2481455e-02   4.1072832e-01
  -8.9979768e-02   4.1392605e-01
  -9.7478080e-02   4.1721209e-01
  -1.0497639e-01   4.2059202e-01
  -1.1247471e-01   4.2407181e-01
  -1.1997302e-01   4.2765788e-01
  -1.2747133e-01   4.3135714e-01
  -1.3496964e-01   4.3517707e-01
  -1.4246796e-01   4.3912576e-01
  -1.4996627e-01   4.4321205e-01
  -1.5746458e-01   4.4744556e-01
  -1.6496289e-01   4.5183681e-01
  -1.7246121e-01   4.5639738e-01
  -1.7995952e-01   4.6114006e-01
  -1.8745783e-01   4.6607899e-01
  -1.9495614e-01   4.7122990e-01
  -2.0245446e-01   4.7661034e-01
  -2.0995277e-01   4.8223998e-01
  -2.1745108e-01   4.8814094e-01
  -2.2494939e-01   4.9433820e-01
  -2.3244771e-01   5.0086001e-01
  -2.3994602e-01   5.0773847e-01
  -2.4744433e-01   5.1501002e-01
  -2.5494265e-01   5.2271618e-01
  -2.6244096e-01   5.3090415e-01
  -2.6993927e-01   5.3962759e-01
  -2.7743758e-01   5.4894732e-01
  -2.8493590e-01   5.5893209e-01
  -2.9243421e-01   5.6965928e-01
  -2.9993252e-01   5.8121555e-01
  -3.0743083e-01   5.9369760e-01
  -3.1492915e-01   6.0721282e-01
  -3.2242746e-01   6.2188037e-01
  -3.2992577e-01   6.3783257e-01
  -3.3742408e-01   6.5521731e-01
  -3.4492240e-01   6.7420190e-01
  -3.5242071e-01   6.9497937e-01
  -3.5991902e-01   7.1777820e-01
  -3.6741734e-01   7.4287723e-01
  -3.7491565e-01   7.7062807e-01
  -3.8241396e-01   8.0148830e-01
  -3.8991227e-01   8.3606453e-01
  -3.9740442e-01   8.7511988e-01
  -4.0485372e-01   9.1950198e-01
  -4.1219438e-01   9.7014924e-01
  -4.1935860e-01   1.0281962e+00
  -4.2628514e-01   1.0950286e+00
  -4.3292123e-01   1.1723069e+00
  -4.3922384e-01   1.2619844e+00
  -4.4516030e-01   1.3663271e+00
  -4.5070838e-01   1.4879451e+00
  -4.5585574e-01   1.6298389e+00
  -4.6059905e-01   1.7954690e+00
  -4.6494277e-01   1.9888460e+00
  -4.6889784e-01   2.2146411e+00
  -4.7248026e-01   2.4783041e+00
  -4.7570984e-01   2.7861692e+00
  -4.7860893e-01   3.1455093e+00
  -4.8120137e-01   3.5644651e+00
  -4.8351168e-01   4.0517210e+00
  -4.8556427e-01   4.6157161e+00
  -4.8738293e-01   5.2630822e+00
  -4.8899045e-01   5.9959349e+00
  -4.9040832e-01   6.8076920e+00
  -4.9165656e-01   7.6773799e+00
  -4.9275365e-01   8.5629732e+00
  -4.9371649e-01   9.3950939e+00
  -4.9456043e-01   1.0072963e+01
  -4.9529932e-01   1.0464269e+01
  -4.9594561e-01   1.0409250e+01
  -4.9651042e-01   9.7271141e+00
  -4.9700365e-01   8.2210379e+00
  -4.9743408e-01   5.6773345e+00
  -4.9780951e-01   1.8551882e+00
  -4.9813679e-01  -3.5354459e+00
  -4.9842197e-01  -1.0869954e+01
  -4.9867038e-01  -2.0663386e+01
  -4.9888669e-01  -3.3652544e+01
  -4.9907499e-01  -5.0926109e+01
  -4.9923887e-01  -7.4144662e+01
  -4.9938146e-01  -1.0593936e+02
  -4.9950550e-01  -1.5069145e+02
  -4.9961340e-01  -2.1620167e+02
  -4.9970723e-01  -3.1771430e+02
  -4.9978883e-01  -4.8930112e+02
  -4.9985977e-01  -8.2405586e+02
  -4.9992145e-01  -1.6741459e+03
  -4.9997507e-01  -5.8218016e+03
