   4.9997507e-01   1.6509153e+00
   4.9992145e-01   1.3060025e+00
   4.9985977e-01   1.1196569e+00
   4.9978883e-01   1.0080705e+00
   4.9970723e-01   9.2840925e-01
   4.9961340e-01   8.6501406e-01
   4.9950550e-01   8.1132315e-01
   4.9938146e-01   7.6408316e-01
   4.9923887e-01   7.2142556e-01
   4.9907499e-01   6.8216239e-01
   4.9888669e-01   6.4548400e-01
   4.9867038e-01   6.1080917e-01
   4.9842197e-01   5.7770246e-01
   4.9813678e-01   5.4582550e-01
   4.9780950e-01   5.1490652e-01
   4.9743408e-01   4.8472059e-01
   4.9700364e-01   4.5507627e-01
   4.9651041e-01   4.2580652e-01
   4.9594561e-01   3.9676227e-01
   4.9529932e-01   3.6780805e-01
   4.9456042e-01   3.3881906e-01
   4.9371648e-01   3.0967959e-01
   4.9275364e-01   2.8028270e-01
   4.9165655e-01   2.5053118e-01
   4.9040831e-01   2.2034008e-01
   4.8899044e-01   1.8964097e-01
   4.8738291e-01   1.5838799e-01
   4.8556425e-01   1.2656578e-01
   4.8351166e-01   9.4198663e-02
   4.8120136e-01   6.1360476e-02
   4.7860891e-01   2.8183336e-02
   4.7570982e-01  -5.1362727e-03
   4.7248024e-01  -3.8336240e-02
   4.6889781e-01  -7.1094126e-02
   4.6494275e-01  -1.0303999e-01
   4.6059902e-01  -1.3377649e-01
   4.5585571e-01  -1.6290449e-01
   4.5070835e-01  -1.9005130e-01
   4.4516027e-01  -2.1489786e-01
   4.3922381e-01  -2.3720127e-01
   4.3292120e-01  -2.5680992e-01
   4.2628511e-01  -2.7366978e-01
   4.1935856e-01  -2.8782150e-01
   4.1219434e-01  -2.9938920e-01
   4.0485369e-01  -3.0856141e-01
   3.9740439e-01  -3.1557289e-01
   3.8991224e-01  -3.2073103e-01
   3.8241393e-01  -3.2438344e-01
   3.7491562e-01  -3.2676630e-01
   3.6741730e-01  -3.2809053e-01
   3.5991899e-01  -3.2853982e-01
   3.5242068e-01  -3.2826773e-01
   3.4492237e-01  -3.2740268e-01
   3.3742405e-01  -3.2605224e-01
   3.2992574e-01  -3.2430672e-01
   3.2242743e-01  -3.2224195e-01
   3.1492911e-01  -3.1992171e-01
   3.0743080e-01  -3.1739966e-01
   2.9993249e-01  -3.1472091e-01
   2.9243418e-01  -3.1192339e-01
   2.8493586e-01  -3.0903895e-01
   2.7743755e-01  -3.0609431e-01
   2.6993924e-01  -3.0311180e-01
   2.6244093e-01  -3.0011008e-01
   2.5494261e-01  -2.9710464e-01
   2.4744430e-01  -2.9410831e-01
   2.3994599e-01  -2.9113168e-01
   2.3244768e-01  -2.8818337e-01
   2.2494936e-01  -2.8527040e-01
   2.1745105e-01  -2.8239836e-01
   2.0995274e-01  -2.7957169e-01
   2.0245443e-01  -2.7679383e-01
   1.9495611e-01  -2.7406735e-01
   1.8745780e-01  -2.7139413e-01
   1.7995949e-01  -2.6877543e-01
   1.7246117e-01  -2.6621200e-01
   1.6496286e-01  -2.6370418e-01
   1.5746455e-01  -2.6125192e-01
   1.4996624e-01  -2.5885491e-01
   1.4246792e-01  -2.5651256e-01
   1.3496961e-01  -2.5422409e-01
   1.2747130e-01  -2.5198854e-01
   1.1997299e-01  -2.4980480e-01
   1.1247467e-01  -2.4767166e-01
   1.0497636e-01  -2.4558781e-01
   9.7478048e-02  -2.4355185e-01
   8.9979736e-02  -2.4156233e-01
   8.2481423e-02  -2.3961772e-01
   7.4983110e-02  -2.3771646e-01
   6.7484798e-02  -2.3585696e-01
   5.9986485e-02  -2.3403755e-01
   5.2488173e-02  -2.3225657e-01
   4.4989860e-02  -2.3051228e-01
   3.7491547e-02  -2.2880292e-01
   2.9993235e-02  -2.2712670e-01
   2.2494922e-02  -2.2548175e-01
   1.4996609e-02  -2.2386617e-01
   7.4982967e-03  -2.2227797e-01
  -1.5895382e-08  -2.2071510e-01
  -7.4983285e-03  -2.1917542e-01
  -1.4996641e-02  -2.1765666e-01
  -2.2494954e-02  -2.1615647e-01
  -2.9993266e-02  -2.1467230e-01
  -3.7491579e-02  -2.1320149e-01
  -4.4989892e-02  -2.1174115e-01
  -5.2488204e-02  -2.1028819e-01
  -5.9986517e-02  -2.0883924e-01
  -6.7484830e-02  -2.0739067e-01
  -7.4983142e-02  -2.0593852e-01
  -8.2481455e-02  -2.0447845e-01
  -8.9979768e-02  -2.0300569e-01
  -9.7478080e-02  -2.0151503e-01
  -1.0497639e-01  -2.0000070e-01
  -1.1247471e-01  -1.9845637e-01
  -1.1997302e-01  -1.9687502e-01
  -1.2747133e-01  -1.9524889e-01
  -1.3496964e-01  -1.9356941e-01
  -1.4246796e-01  -1.9182706e-01
  -1.4996627e-01  -1.9001133e-01
  -1.5746458e-01  -1.8811051e-01
  -1.6496289e-01  -1.8611165e-01
  -1.7246121e-01  -1.8400032e-01
  -1.7995952e-01  -1.8176052e-01
  -1.8745783e-01  -1.7937443e-01
  -1.9495614e-01  -1.7682220e-01
  -2.0245446e-01  -1.7408170e-01
  -2.0995277e-01  -1.7112825e-01
  -2.1745108e-01  -1.6793422e-01
  -2.2494939e-01  -1.6446869e-01
  -2.3244771e-01  -1.6069698e-01
  -2.3994602e-01  -1.5658009e-01
  -2.4744433e-01  -1.5207406e-01
  -2.5494265e-01  -1.4712924e-01
  -2.6244096e-01  -1.4168937e-01
  -2.6993927e-01  -1.3569053e-01
  -2.7743758e-01  -1.2905978e-01
  -2.8493590e-01  -1.2171368e-01
  -2.9243421e-01  -1.1355629e-01
  -2.9993252e-01  -1.0447687e-01
  -3.0743083e-01  -9.4346974e-02
  -3.1492915e-01  -8.3016787e-02
  -3.2242746e-01  -7.0310618e-02
  -3.2992577e-01  -5.6021102e-02
  -3.3742408e-01  -3.9901804e-02
  -3.4492240e-01  -2.1657619e-02
  -3.5242071e-01  -9.3217643e-04
  -3.5991902e-01   2.2708946e-02
  -3.6741734e-01   4.9800937e-02
  -3.7491565e-01   8.1011115e-02
  -3.8241396e-01   1.1718302e-01
  -3.8991227e-01   1.5938750e-01
  -3.9740442e-01   2.0893178e-01
  -4.0485372e-01   2.6731329e-01
  -4.1219438e-01   3.3610552e-01
  -4.1935860e-01   4.1709060e-01
  -4.2628514e-01   5.1233991e-01
  -4.3292123e-01   6.2426248e-01
  -4.3922384e-01   7.5566470e-01
  -4.4516030e-01   9.0981910e-01
  -4.5070838e-01   1.0905412e+00
  -4.5585574e-01   1.3022701e+00
  -4.6059905e-01   1.5501426e+00
  -4.6494277e-01   1.8400429e+00
  -4.6889784e-01   2.1785909e+00
  -4.7248026e-01   2.5730101e+00
  -4.7570984e-01   3.0307798e+00
  -4.7860893e-01   3.5589361e+00
  -4.8120137e-01   4.1628512e+00
  -4.8351168e-01   4.8443172e+00
  -4.8556427e-01   5.5988251e+00
  -4.8738293e-01   6.4120976e+00
  -4.8899045e-01   7.2562097e+00
  -4.9040832e-01   8.0859513e+00
  -4.9165656e-01   8.8362972e+00
  -4.9275365e-01   9.4217686e+00
  -4.9371649e-01   9.7379748e+00
  -4.9456043e-01   9.6648064e+00
  -4.9529932e-01   9.0699151e+00
  -4.9594561e-01   7.8106178e+00
  -4.9651042e-01   5.7324062e+00
  -4.9700365e-01   2.6626836e+00
  -4.9743408e-01  -1.6011767e+00
  -4.9780951e-01  -7.3103001e+00
  -4.9813679e-01  -1.4790837e+01
  -4.9842197e-01  -2.4481786e+01
  -4.9867038e-01  -3.6990552e+01
  -4.9888669e-01  -5.3178406e+01
  -4.9907499e-01  -7.4298983e+01
  -4.9923887e-01  -1.0223534e+02
  -4.9938146e-01  -1.3993086e+02
  -4.9950550e-01  -1.9222989e+02
  -4.9961340e-01  -2.6767096e+02
  -4.9970723e-01  -3.8279102e+02
  -4.9978883e-01  -5.7423826e+02
  -4.9985977e-01  -9.4107946e+02
  -4.9992145e-01  -1.8513969e+03
  -4.9997507e-01  -6.0331776e+03
