   4.9997507e-01   3.7422191e+00
   4.9992145e-01   2.9860323e+00
   4.9985977e-01   2.5869870e+00
   4.9978883e-01   2.3521997e+00
   4.9970723e-01   2.1870026e+00
   4.9961340e-01   2.0571761e+00
   4.9950550e-01   1.9484981e+00
   4.9938146e-01   1.8539600e+00
   4.9923887e-01   1.7695577e+00
   4.9907499e-01   1.6927596e+00
   4.9888669e-01   1.6218512e+00
   4.9867038e-01   1.5556094e+00
   4.9842197e-01   1.4931239e+00
   4.9813678e-01   1.4336914e+00
   4.9780950e-01   1.3767492e+00
   4.9743408e-01   1.3218320e+00
   4.9700364e-01   1.2685433e+00
   4.9651041e-01   1.2165366e+00
   4.9594561e-01   1.1655028e+00
   4.9529932e-01   1.1151650e+00
   4.9456042e-01   1.0652769e+00
   4.9371648e-01   1.0156276e+00
   4.9275364e-01   9.6605046e-01
   4.9165655e-01   9.1643630e-01
   4.9040831e-01   8.6674966e-01
   4.8899044e-01   8.1704558e-01
   4.8738291e-01   7.6748400e-01
   4.8556425e-01   7.1833790e-01
   4.8351166e-01   6.6999148e-01
   4.8120136e-01   6.2292555e-01
   4.7860891e-01   5.7768944e-01
   4.7570982e-01   5.3486135e-01
   4.7248024e-01   4.9500215e-01
   4.6889781e-01   4.5860916e-01
   4.6494275e-01   4.2607685e-01
   4.6059902e-01   3.9766978e-01
   4.5585571e-01   3.7350998e-01
   4.5070835e-01   3.5357838e-01
   4.4516027e-01   3.3772742e-01
   4.3922381e-01   3.2570121e-01
   4.3292120e-01   3.1715981e-01
   4.2628511e-01   3.1170497e-01
   4.1935856e-01   3.0890574e-01
   4.1219434e-01   3.0832153e-01
   4.0485369e-01   3.0952550e-01
   3.9740439e-01   3.1214540e-01
   3.8991224e-01   3.1577356e-01
   3.8241393e-01   3.2004755e-01
   3.7491562e-01   3.2479956e-01
   3.6741730e-01   3.2989134e-01
   3.5991899e-01   3.3520752e-01
   3.5242068e-01   3.4066004e-01
   3.4492237e-01   3.4618229e-01
   3.3742405e-01   3.5172430e-01
   3.2992574e-01   3.5724903e-01
   3.2242743e-01   3.6272944e-01
   3.1492911e-01   3.6814623e-01
   3.0743080e-01   3.7348612e-01
   2.9993249e-01   3.7874051e-01
   2.9243418e-01   3.8390440e-01
   2.8493586e-01   3.8897554e-01
   2.7743755e-01   3.9395383e-01
   2.6993924e-01   3.9884080e-01
   2.6244093e-01   4.0363916e-01
   2.5494261e-01   4.0835253e-01
   2.4744430e-01   4.1298520e-01
   2.3994599e-01   4.1754190e-01
   2.3244768e-01   4.2202766e-01
   2.2494936e-01   4.2644771e-01
   2.1745105e-01   4.3080739e-01
   2.0995274e-01   4.3511203e-01
   2.0245443e-01   4.3936698e-01
   1.9495611e-01   4.4357750e-01
   1.8745780e-01   4.4774877e-01
   1.7995949e-01   4.5188587e-01
   1.7246117e-01   4.5599374e-01
   1.6496286e-01   4.6007720e-01
   1.5746455e-01   4.6414095e-01
   1.4996624e-01   4.6818954e-01
   1.4246792e-01   4.7222742e-01
   1.3496961e-01   4.7625888e-01
   1.2747130e-01   4.8028814e-01
   1.1997299e-01   4.8431928e-01
   1.1247467e-01   4.8835629e-01
   1.0497636e-01   4.9240309e-01
   9.7478048e-02   4.9646350e-01
   8.9979736e-02   5.0054128e-01
   8.2481423e-02   5.0464015e-01
   7.4983110e-02   5.0876378e-01
   6.7484798e-02   5.1291579e-01
   5.9986485e-02   5.1709981e-01
   5.2488173e-02   5.2131946e-01
   4.4989860e-02   5.2557834e-01
   3.7491547e-02   5.2988011e-01
   2.9993235e-02   5.3422843e-01
   2.2494922e-02   5.3862702e-01
   1.4996609e-02   5.4307969e-01
   7.4982967e-03   5.4759028e-01
  -1.5895382e-08   5.5216277e-01
  -7.4983285e-03   5.5680122e-01
  -1.4996641e-02   5.6150983e-01
  -2.2494954e-02   5.6629296e-01
  -2.9993266e-02   5.7115513e-01
  -3.7491579e-02   5.7610105e-01
  -4.4989892e-02   5.8113565e-01
  -5.2488204e-02   5.8626410e-01
  -5.9986517e-02   5.9149184e-01
  -6.7484830e-02   5.9682461e-01
  -7.4983142e-02   6.0226849e-01
  -8.2481455e-02   6.0782991e-01
  -8.9979768e-02   6.1351575e-01
  -9.7478080e-02   6.1933331e-01
  -1.0497639e-01   6.2529043e-01
  -1.1247471e-01   6.3139549e-01
  -1.1997302e-01   6.3765754e-01
  -1.2747133e-01   6.4408631e-01
  -1.3496964e-01   6.5069231e-01
  -1.4246796e-01   6.5748696e-01
  -1.4996627e-01   6.6448267e-01
  -1.5746458e-01   6.7169293e-01
  -1.6496289e-01   6.7913253e-01
  -1.7246121e-01   6.8681765e-01
  -1.7995952e-01   6.9476611e-01
  -1.8745783e-01   7.0299754e-01
  -1.9495614e-01   7.1153365e-01
  -2.0245446e-01   7.2039856e-01
  -2.0995277e-01   7.2961911e-01
  -2.1745108e-01   7.3922528e-01
  -2.2494939e-01   7.4925067e-01
  -2.3244771e-01   7.5973304e-01
  -2.3994602e-01   7.7071498e-01
  -2.4744433e-01   7.8224467e-01
  -2.5494265e-01   7.9437675e-01
  -2.6244096e-01   8.0717335e-01
  -2.6993927e-01   8.2070531e-01
  -2.7743758e-01   8.3505353e-01
  -2.8493590e-01   8.5031061e-01
  -2.9243421e-01   8.6658268e-01
  -2.9993252e-01   8.8399156e-01
  -3.0743083e-01   9.0267729e-01
  -3.1492915e-01   9.2280109e-01
  -3.2242746e-01   9.4454892e-01
  -3.2992577e-01   9.6813590e-01
  -3.3742408e-01   9.9381187e-01
  -3.4492240e-01   1.0218686e+00
  -3.5242071e-01   1.0526497e+00
  -3.5991902e-01   1.0865638e+00
  -3.6741734e-01   1.1241043e+00
  -3.7491565e-01   1.1658768e+00
  -3.8241396e-01   1.2126415e+00
  -3.8991227e-01   1.2653617e+00
  -3.9740442e-01   1.3251969e+00
  -4.0485372e-01   1.3934385e+00
  -4.1219438e-01   1.4714012e+00
  -4.1935860e-01   1.5606286e+00
  -4.2628514e-01   1.6630088e+00
  -4.3292123e-01   1.7808393e+00
  -4.3922384e-01   1.9168916e+00
  -4.4516030e-01   2.0744750e+00
  -4.5070838e-01   2.2575031e+00
  -4.5585574e-01   2.4705710e+00
  -4.6059905e-01   2.7190476e+00
  -4.6494277e-01   3.0091909e+00
  -4.6889784e-01   3.3482810e+00
  -4.7248026e-01   3.7447613e+00
  -4.7570984e-01   4.2083549e+00
  -4.7860893e-01   4.7500927e+00
  -4.8120137e-01   5.3821409e+00
  -4.8351168e-01   6.1172396e+00
  -4.8556427e-01   6.9674785e+00
  -4.8738293e-01   7.9420551e+00
  -4.8899045e-01   9.0436571e+00
  -4.9040832e-01   1.0263268e+01
  -4.9165656e-01   1.1573603e+01
  -4.9275365e-01   1.2922046e+01
  -4.9371649e-01   1.4224636e+01
  -4.9456043e-01   1.5362970e+01
  -4.9529932e-01   1.6185345e+01
  -4.9594561e-01   1.6511936e+01
  -4.9651042e-01   1.6141826e+01
  -4.9700365e-01   1.4858142e+01
  -4.9743408e-01   1.2427153e+01
  -4.9780951e-01   8.5879567e+00
  -4.9813679e-01   3.0303077e+00
  -4.9842197e-01  -4.6417922e+00
  -4.9867038e-01  -1.4965224e+01
  -4.9888669e-01  -2.8701305e+01
  -4.9907499e-01  -4.6968114e+01
  -4.9923887e-01  -7.1463441e+01
  -4.9938146e-01  -1.0486724e+02
  -4.9950550e-01  -1.5162610e+02
  -4.9961340e-01  -2.1962983e+02
  -4.9970723e-01  -3.2424914e+02
  -4.9978883e-01  -4.9974044e+02
  -4.9985977e-01  -8.3922846e+02
  -4.9992145e-01  -1.6907391e+03
  -4.9997507e-01  -5.6700891e+03
