   4.9997507e-01   3.1589543e+00
   4.9992145e-01   2.7863089e+00
   4.9985977e-01   2.4601147e+00
   4.9978883e-01   2.2248196e+00
   4.9970723e-01   2.0492361e+00
   4.9961340e-01   1.9141033e+00
   4.9950550e-01   1.8062627e+00
   4.9938146e-01   1.7167411e+00
   4.9923887e-01   1.6396211e+00
   4.9907499e-01   1.5711407e+00
   4.9888669e-01   1.5089520e+00
   4.9867038e-01   1.4515689e+00
   4.9842197e-01   1.3980062e+00
   4.9813678e-01   1.3475701e+00
   4.9780950e-01   1.2997428e+00
   4.9743408e-01   1.2541205e+00
   4.9700364e-01   1.2103762e+00
   4.9651041e-01   1.1682365e+00
   4.9594561e-01   1.1274656e+00
   4.9529932e-01   1.0878541e+00
   4.9456042e-01   1.0492113e+00
   4.9371648e-01   1.0113597e+00
   4.9275364e-01   9.7413230e-01
   4.9165655e-01   9.3737245e-01
   4.9040831e-01   9.0093556e-01
   4.8899044e-01   8.6469414e-01
   4.8738291e-01   8.2854526e-01
   4.8556425e-01   7.9242058e-01
   4.8351166e-01   7.5629794e-01
   4.8120136e-01   7.2021339e-01
   4.7860891e-01   6.8427153e-01
   4.7570982e-01   6.4865202e-01
   4.7248024e-01   6.1360972e-01
   4.6889781e-01   5.7946685e-01
   4.6494275e-01   5.4659633e-01
   4.6059902e-01   5.1539739e-01
   4.5585571e-01   4.8626581e-01
   4.5070835e-01   4.5956263e-01
   4.4516027e-01   4.3558550e-01
   4.3922381e-01   4.1454634e-01
   4.3292120e-01   3.9655778e-01
   4.2628511e-01   3.8162928e-01
   4.1935856e-01   3.6967256e-01
   4.1219434e-01   3.6051491e-01
   4.0485369e-01   3.5392124e-01
   3.9740439e-01   3.4962054e-01
   3.8991224e-01   3.4726430e-01
   3.8241393e-01   3.4644671e-01
   3.7491562e-01   3.4692978e-01
   3.6741730e-01   3.4849976e-01
   3.5991899e-01   3.5096805e-01
   3.5242068e-01   3.5417793e-01
   3.4492237e-01   3.5799896e-01
   3.3742405e-01   3.6232232e-01
   3.2992574e-01   3.6705708e-01
   3.2242743e-01   3.7212709e-01
   3.1492911e-01   3.7746856e-01
   3.0743080e-01   3.8302803e-01
   2.9993249e-01   3.8876069e-01
   2.9243418e-01   3.9462905e-01
   2.8493586e-01   4.0060176e-01
   2.7743755e-01   4.0665268e-01
   2.6993924e-01   4.1276011e-01
   2.6244093e-01   4.1890605e-01
   2.5494261e-01   4.2507571e-01
   2.4744430e-01   4.3125701e-01
   2.3994599e-01   4.3744013e-01
   2.3244768e-01   4.4361724e-01
   2.2494936e-01   4.4978215e-01
   2.1745105e-01   4.5593010e-01
   2.0995274e-01   4.6205751e-01
   2.0245443e-01   4.6816184e-01
   1.9495611e-01   4.7424141e-01
   1.8745780e-01   4.8029528e-01
   1.7995949e-01   4.8632312e-01
   1.7246117e-01   4.9232515e-01
   1.6496286e-01   4.9830203e-01
   1.5746455e-01   5.0425480e-01
   1.4996624e-01   5.1018482e-01
   1.4246792e-01   5.1609374e-01
   1.3496961e-01   5.2198342e-01
   1.2747130e-01   5.2785594e-01
   1.1997299e-01   5.3371354e-01
   1.1247467e-01   5.3955861e-01
   1.0497636e-01   5.4539367e-01
   9.7478048e-02   5.5122136e-01
   8.9979736e-02   5.5704441e-01
   8.2481423e-02   5.6286564e-01
   7.4983110e-02   5.6868800e-01
   6.7484798e-02   5.7451447e-01
   5.9986485e-02   5.8034815e-01
   5.2488173e-02   5.8619221e-01
   4.4989860e-02   5.9204993e-01
   3.7491547e-02   5.9792466e-01
   2.9993235e-02   6.0381985e-01
   2.2494922e-02   6.0973907e-01
   1.4996609e-02   6.1568599e-01
   7.4982967e-03   6.2166444e-01
  -1.5895382e-08   6.2767834e-01
  -7.4983285e-03   6.3373180e-01
  -1.4996641e-02   6.3982910e-01
  -2.2494954e-02   6.4597470e-01
  -2.9993266e-02   6.5217326e-01
  -3.7491579e-02   6.5842969e-01
  -4.4989892e-02   6.6474914e-01
  -5.2488204e-02   6.7113707e-01
  -5.9986517e-02   6.7759923e-01
  -6.7484830e-02   6.8414174e-01
  -7.4983142e-02   6.9077110e-01
  -8.2481455e-02   6.9749424e-01
  -8.9979768e-02   7.0431860e-01
  -9.7478080e-02   7.1125212e-01
  -1.0497639e-01   7.1830339e-01
  -1.1247471e-01   7.2548162e-01
  -1.1997302e-01   7.3279682e-01
  -1.2747133e-01   7.4025981e-01
  -1.3496964e-01   7.4788237e-01
  -1.4246796e-01   7.5567736e-01
  -1.4996627e-01   7.6365883e-01
  -1.5746458e-01   7.7184218e-01
  -1.6496289e-01   7.8024438e-01
  -1.7246121e-01   7.8888410e-01
  -1.7995952e-01   7.9778203e-01
  -1.8745783e-01   8.0696110e-01
  -1.9495614e-01   8.1644681e-01
  -2.0245446e-01   8.2626758e-01
  -2.0995277e-01   8.3645521e-01
  -2.1745108e-01   8.4704530e-01
  -2.2494939e-01   8.5807783e-01
  -2.3244771e-01   8.6959778e-01
  -2.3994602e-01   8.8165588e-01
  -2.4744433e-01   8.9430936e-01
  -2.5494265e-01   9.0762297e-01
  -2.6244096e-01   9.2166996e-01
  -2.6993927e-01   9.3653336e-01
  -2.7743758e-01   9.5230735e-01
  -2.8493590e-01   9.6909883e-01
  -2.9243421e-01   9.8702931e-01
  -2.9993252e-01   1.0062371e+00
  -3.0743083e-01   1.0268800e+00
  -3.1492915e-01   1.0491384e+00
  -3.2242746e-01   1.0732193e+00
  -3.2992577e-01   1.0993619e+00
  -3.3742408e-01   1.1278438e+00
  -3.4492240e-01   1.1589906e+00
  -3.5242071e-01   1.1931882e+00
  -3.5991902e-01   1.2309004e+00
  -3.6741734e-01   1.2726924e+00
  -3.7491565e-01   1.3192665e+00
  -3.8241396e-01   1.3715111e+00
  -3.8991227e-01   1.4305555e+00
  -3.9740442e-01   1.4977646e+00
  -4.0485372e-01   1.5746970e+00
  -4.1219438e-01   1.6629542e+00
  -4.1935860e-01   1.7644076e+00
  -4.2628514e-01   1.8813230e+00
  -4.3292123e-01   2.0164257e+00
  -4.3922384e-01   2.1729691e+00
  -4.4516030e-01   2.3548023e+00
  -4.5070838e-01   2.5664363e+00
  -4.5585574e-01   2.8131060e+00
  -4.6059905e-01   3.1008208e+00
  -4.6494277e-01   3.4363823e+00
  -4.6889784e-01   3.8273305e+00
  -4.7248026e-01   4.2817534e+00
  -4.7570984e-01   4.8078593e+00
  -4.7860893e-01   5.4131768e+00
  -4.8120137e-01   6.1032272e+00
  -4.8351168e-01   6.8795250e+00
  -4.8556427e-01   7.7368437e+00
  -4.8738293e-01   8.6598474e+00
  -4.8899045e-01   9.6194314e+00
  -4.9040832e-01   1.0569363e+01
  -4.9165656e-01   1.1443953e+01
  -4.9275365e-01   1.2157376e+01
  -4.9371649e-01   1.2604822e+01
  -4.9456043e-01   1.2664977e+01
  -4.9529932e-01   1.2202660e+01
  -4.9594561e-01   1.1069977e+01
  -4.9651042e-01   9.1043263e+00
  -4.9700365e-01   6.1218512e+00
  -4.9743408e-01   1.9052105e+00
  -4.9780951e-01  -3.8155259e+00
  -4.9813679e-01  -1.1390850e+01
  -4.9842197e-01  -2.1292564e+01
  -4.9867038e-01  -3.4174993e+01
  -4.9888669e-01  -5.0971631e+01
  -4.9907499e-01  -7.3056744e+01
  -4.9923887e-01  -1.0253096e+02
  -4.9938146e-01  -1.4275137e+02
  -4.9950550e-01  -1.9936245e+02
  -4.9961340e-01  -2.8242059e+02
  -4.9970723e-01  -4.1117329e+02
  -4.9978883e-01  -6.2638826e+02
  -4.9985977e-01  -1.0296811e+03
  -4.9992145e-01  -1.9634809e+03
  -4.9997507e-01  -6.0115071e+03
