   4.9997507e-01   2.3863018e+00
   4.9992145e-01   2.0097986e+00
   4.9985977e-01   1.7370772e+00
   4.9978883e-01   1.5575471e+00
   4.9970723e-01   1.4303839e+00
   4.9961340e-01   1.3333796e+00
   4.9950550e-01   1.2542752e+00
   4.9938146e-01   1.1863888e+00
   4.9923887e-01   1.1260348e+00
   4.9907499e-01   1.0710729e+00
   4.9888669e-01   1.0201578e+00
   4.9867038e-01   9.7237382e-01
   4.9842197e-01   9.2705676e-01
   4.9813678e-01   8.8370142e-01
   4.9780950e-01   8.4190839e-01
   4.9743408e-01   8.0135115e-01
   4.9700364e-01   7.6175477e-01
   4.9651041e-01   7.2288169e-01
   4.9594561e-01   6.8452260e-01
   4.9529932e-01   6.4649094e-01
   4.9456042e-01   6.0862077e-01
   4.9371648e-01   5.7076760e-01
   4.9275364e-01   5.3281230e-01
   4.9165655e-01   4.9466798e-01
   4.9040831e-01   4.5628944e-01
   4.8899044e-01   4.1768453e-01
   4.8738291e-01   3.7892578e-01
   4.8556425e-01   3.4016031e-01
   4.8351166e-01   3.0161535e-01
   4.8120136e-01   2.6359674e-01
   4.7860891e-01   2.2647840e-01
   4.7570982e-01   1.9068219e-01
   4.7248024e-01   1.5664956e-01
   4.6889781e-01   1.2480831e-01
   4.6494275e-01   9.5539182e-02
   4.6059902e-01   6.9147333e-02
   4.5585571e-01   4.5842364e-02
   4.5070835e-01   2.5728909e-02
   4.4516027e-01   8.8073969e-03
   4.3922381e-01  -5.0168824e-03
   4.3292120e-01  -1.5919070e-02
   4.2628511e-01  -2.4136992e-02
   4.1935856e-01  -2.9952231e-02
   4.1219434e-01  -3.3672273e-02
   4.0485369e-01  -3.5609990e-02
   3.9740439e-01  -3.6054711e-02
   3.8991224e-01  -3.5339848e-02
   3.8241393e-01  -3.3781127e-02
   3.7491562e-01  -3.1548379e-02
   3.6741730e-01  -2.8785287e-02
   3.5991899e-01  -2.5613725e-02
   3.5242068e-01  -2.2130860e-02
   3.4492237e-01  -1.8414123e-02
   3.3742405e-01  -1.4525291e-02
   3.2992574e-01  -1.0513695e-02
   3.2242743e-01  -6.4187182e-03
   3.1492911e-01  -2.2717571e-03
   3.0743080e-01   1.9022336e-03
   2.9993249e-01   6.0835154e-03
   2.9243418e-01   1.0256587e-02
   2.8493586e-01   1.4409396e-02
   2.7743755e-01   1.8532708e-02
   2.6993924e-01   2.2619588e-02
   2.6244093e-01   2.6664984e-02
   2.5494261e-01   3.0665383e-02
   2.4744430e-01   3.4618533e-02
   2.3994599e-01   3.8523210e-02
   2.3244768e-01   4.2379035e-02
   2.2494936e-01   4.6186312e-02
   2.1745105e-01   4.9945903e-02
   2.0995274e-01   5.3659125e-02
   2.0245443e-01   5.7327658e-02
   1.9495611e-01   6.0953480e-02
   1.8745780e-01   6.4538804e-02
   1.7995949e-01   6.8086031e-02
   1.7246117e-01   7.1597714e-02
   1.6496286e-01   7.5076522e-02
   1.5746455e-01   7.8525219e-02
   1.4996624e-01   8.1946642e-02
   1.4246792e-01   8.5343687e-02
   1.3496961e-01   8.8719293e-02
   1.2747130e-01   9.2076438e-02
   1.1997299e-01   9.5418133e-02
   1.1247467e-01   9.8747412e-02
   1.0497636e-01   1.0206734e-01
   9.7478048e-02   1.0538100e-01
   8.9979736e-02   1.0869151e-01
   8.2481423e-02   1.1200202e-01
   7.4983110e-02   1.1531569e-01
   6.7484798e-02   1.1863576e-01
   5.9986485e-02   1.2196548e-01
   5.2488173e-02   1.2530817e-01
   4.4989860e-02   1.2866721e-01
   3.7491547e-02   1.3204603e-01
   2.9993235e-02   1.3544817e-01
   2.2494922e-02   1.3887724e-01
   1.4996609e-02   1.4233696e-01
   7.4982967e-03   1.4583118e-01
  -1.5895382e-08   1.4936385e-01
  -7.4983285e-03   1.5293910e-01
  -1.4996641e-02   1.5656121e-01
  -2.2494954e-02   1.6023464e-01
  -2.9993266e-02   1.6396407e-01
  -3.7491579e-02   1.6775440e-01
  -4.4989892e-02   1.7161079e-01
  -5.2488204e-02   1.7553867e-01
  -5.9986517e-02   1.7954382e-01
  -6.7484830e-02   1.8363233e-01
  -7.4983142e-02   1.8781069e-01
  -8.2481455e-02   1.9208584e-01
  -8.9979768e-02   1.9646519e-01
  -9.7478080e-02   2.0095667e-01
  -1.0497639e-01   2.0556881e-01
  -1.1247471e-01   2.1031081e-01
  -1.1997302e-01   2.1519259e-01
  -1.2747133e-01   2.2022490e-01
  -1.3496964e-01   2.2541937e-01
  -1.4246796e-01   2.3078866e-01
  -1.4996627e-01   2.3634654e-01
  -1.5746458e-01   2.4210804e-01
  -1.6496289e-01   2.4808956e-01
  -1.7246121e-01   2.5430905e-01
  -1.7995952e-01   2.6078616e-01
  -1.8745783e-01   2.6754246e-01
  -1.9495614e-01   2.7460158e-01
  -2.0245446e-01   2.8198952e-01
  -2.0995277e-01   2.8973484e-01
  -2.1745108e-01   2.9786898e-01
  -2.2494939e-01   3.0642654e-01
  -2.3244771e-01   3.1544566e-01
  -2.3994602e-01   3.2496838e-01
  -2.4744433e-01   3.3504115e-01
  -2.5494265e-01   3.4571535e-01
  -2.6244096e-01   3.5704792e-01
  -2.6993927e-01   3.6910215e-01
  -2.7743758e-01   3.8194863e-01
  -2.8493590e-01   3.9566645e-01
  -2.9243421e-01   4.1034473e-01
  -2.9993252e-01   4.2608449e-01
  -3.0743083e-01   4.4300120e-01
  -3.1492915e-01   4.6122795e-01
  -3.2242746e-01   4.8091963e-01
  -3.2992577e-01   5.0225841e-01
  -3.3742408e-01   5.2546093e-01
  -3.4492240e-01   5.5078777e-01
  -3.5242071e-01   5.7855609e-01
  -3.5991902e-01   6.0915654e-01
  -3.6741734e-01   6.4307636e-01
  -3.7491565e-01   6.8093120e-01
  -3.8241396e-01   7.2351062e-01
  -3.8991227e-01   7.7183160e-01
  -3.9740442e-01   8.2714135e-01
  -4.0485372e-01   8.9085815e-01
  -4.1219438e-01   9.6446583e-01
  -4.1935860e-01   1.0496743e+00
  -4.2628514e-01   1.1485043e+00
  -4.3292123e-01   1.2633299e+00
  -4.3922384e-01   1.3969290e+00
  -4.4516030e-01   1.5525445e+00
  -4.5070838e-01   1.7339589e+00
  -4.5585574e-01   1.9455883e+00
  -4.6059905e-01   2.1925973e+00
  -4.6494277e-01   2.4810372e+00
  -4.6889784e-01   2.8180021e+00
  -4.7248026e-01   3.2117908e+00
  -4.7570984e-01   3.6720473e+00
  -4.7860893e-01   4.2098262e+00
  -4.8120137e-01   4.8374822e+00
  -4.8351168e-01   5.5682148e+00
  -4.8556427e-01   6.4150080e+00
  -4.8738293e-01   7.3886085e+00
  -4.8899045e-01   8.4941455e+00
  -4.9040832e-01   9.7260955e+00
  -4.9165656e-01   1.1061644e+01
  -4.9275365e-01   1.2453129e+01
  -4.9371649e-01   1.3821025e+01
  -4.9456043e-01   1.5049439e+01
  -4.9529932e-01   1.5985832e+01
  -4.9594561e-01   1.6445319e+01
  -4.9651042e-01   1.6217811e+01
  -4.9700365e-01   1.5074317e+01
  -4.9743408e-01   1.2767845e+01
  -4.9780951e-01   9.0248363e+00
  -4.9813679e-01   3.5240601e+00
  -4.9842197e-01  -4.1398100e+00
  -4.9867038e-01  -1.4512582e+01
  -4.9888669e-01  -2.8366877e+01
  -4.9907499e-01  -4.6839821e+01
  -4.9923887e-01  -7.1667499e+01
  -4.9938146e-01  -1.0561567e+02
  -4.9950550e-01  -1.5333786e+02
  -4.9961340e-01  -2.2323558e+02
  -4.9970723e-01  -3.3188376e+02
  -4.9978883e-01  -5.1591375e+02
  -4.9985977e-01  -8.7055353e+02
  -4.9992145e-01  -1.7260876e+03
  -4.9997507e-01  -5.4623609e+03
