   4.9997507e-01   3.7019151e+00
   4.9992145e-01   3.0113948e+00
   4.9985977e-01   2.5679584e+00
   4.9978883e-01   2.2655660e+00
   4.9970723e-01   2.0468261e+00
   4.9961340e-01   1.8783467e+00
   4.9950550e-01   1.7405373e+00
   4.9938146e-01   1.6220720e+00
   4.9923887e-01   1.5164358e+00
   4.9907499e-01   1.4197855e+00
   4.9888669e-01   1.3297207e+00
   4.9867038e-01   1.2446328e+00
   4.9842197e-01   1.1633742e+00
   4.9813678e-01   1.0850872e+00
   4.9780950e-01   1.0091118e+00
   4.9743408e-01   9.3493300e-01
   4.9700364e-01   8.6215118e-01
   4.9651041e-01   7.9046850e-01
   4.9594561e-01   7.1968520e-01
   4.9529932e-01   6.4970351e-01
   4.9456042e-01   5.8053565e-01
   4.9371648e-01   5.1231285e-01
   4.9275364e-01   4.4529117e-01
   4.9165655e-01   3.7985018e-01
   4.9040831e-01   3.1648090e-01
   4.8899044e-01   2.5576066e-01
   4.8738291e-01   1.9831519e-01
   4.8556425e-01   1.4477101e-01
   4.8351166e-01   9.5704038e-02
   4.8120136e-01   5.1591989e-02
   4.7860891e-01   1.2777496e-02
   4.7570982e-01  -2.0552953e-02
   4.7248024e-01  -4.8373045e-02
   4.6889781e-01  -7.0805782e-02
   4.6494275e-01  -8.8102316e-02
   4.6059902e-01  -1.0061571e-01
   4.5585571e-01  -1.0877408e-01
   4.5070835e-01  -1.1305579e-01
   4.4516027e-01  -1.1396792e-01
   4.3922381e-01  -1.1202775e-01
   4.3292120e-01  -1.0774690e-01
   4.2628511e-01  -1.0161708e-01
   4.1935856e-01  -9.4098524e-02
   4.1219434e-01  -8.5607966e-02
   4.0485369e-01  -7.6514264e-02
   3.9740439e-01  -6.7115007e-02
   3.8991224e-01  -5.7697271e-02
   3.8241393e-01  -4.8458243e-02
   3.7491562e-01  -3.9456968e-02
   3.6741730e-01  -3.0726100e-02
   3.5991899e-01  -2.2288526e-02
   3.5242068e-01  -1.4156212e-02
   3.4492237e-01  -6.3328320e-03
   3.3742405e-01   1.1839053e-03
   3.2992574e-01   8.4004592e-03
   3.2242743e-01   1.5326126e-02
   3.1492911e-01   2.1972061e-02
   3.0743080e-01   2.8350565e-02
   2.9993249e-01   3.4474566e-02
   2.9243418e-01   4.0357248e-02
   2.8493586e-01   4.6011785e-02
   2.7743755e-01   5.1451157e-02
   2.6993924e-01   5.6688015e-02
   2.6244093e-01   6.1734606e-02
   2.5494261e-01   6.6602712e-02
   2.4744430e-01   7.1303625e-02
   2.3994599e-01   7.5848135e-02
   2.3244768e-01   8.0246525e-02
   2.2494936e-01   8.4508586e-02
   2.1745105e-01   8.8643630e-02
   2.0995274e-01   9.2660508e-02
   2.0245443e-01   9.6567631e-02
   1.9495611e-01   1.0037300e-01
   1.8745780e-01   1.0408422e-01
   1.7995949e-01   1.0770854e-01
   1.7246117e-01   1.1125287e-01
   1.6496286e-01   1.1472378e-01
   1.5746455e-01   1.1812759e-01
   1.4996624e-01   1.2147031e-01
   1.4246792e-01   1.2475774e-01
   1.3496961e-01   1.2799543e-01
   1.2747130e-01   1.3118873e-01
   1.1997299e-01   1.3434281e-01
   1.1247467e-01   1.3746268e-01
   1.0497636e-01   1.4055320e-01
   9.7478048e-02   1.4361909e-01
   8.9979736e-02   1.4666497e-01
   8.2481423e-02   1.4969537e-01
   7.4983110e-02   1.5271471e-01
   6.7484798e-02   1.5572740e-01
   5.9986485e-02   1.5873775e-01
   5.2488173e-02   1.6175007e-01
   4.4989860e-02   1.6476864e-01
   3.7491547e-02   1.6779776e-01
   2.9993235e-02   1.7084171e-01
   2.2494922e-02   1.7390483e-01
   1.4996609e-02   1.7699150e-01
   7.4982967e-03   1.8010617e-01
  -1.5895382e-08   1.8325334e-01
  -7.4983285e-03   1.8643766e-01
  -1.4996641e-02   1.8966386e-01
  -2.2494954e-02   1.9293683e-01
  -2.9993266e-02   1.9626160e-01
  -3.7491579e-02   1.9964339e-01
  -4.4989892e-02   2.0308765e-01
  -5.2488204e-02   2.0660002e-01
  -5.9986517e-02   2.1018644e-01
  -6.7484830e-02   2.1385311e-01
  -7.4983142e-02   2.1760659e-01
  -8.2481455e-02   2.2145376e-01
  -8.9979768e-02   2.2540194e-01
  -9.7478080e-02   2.2945887e-01
  -1.0497639e-01   2.3363280e-01
  -1.1247471e-01   2.3793252e-01
  -1.1997302e-01   2.4236744e-01
  -1.2747133e-01   2.4694765e-01
  -1.3496964e-01   2.5168398e-01
  -1.4246796e-01   2.5658812e-01
  -1.4996627e-01   2.6167268e-01
  -1.5746458e-01   2.6695133e-01
  -1.6496289e-01   2.7243891e-01
  -1.7246121e-01   2.7815158e-01
  -1.7995952e-01   2.8410695e-01
  -1.8745783e-01   2.9032432e-01
  -1.9495614e-01   2.9682485e-01
  -2.0245446e-01   3.0363183e-01
  -2.0995277e-01   3.1077096e-01
  -2.1745108e-01   3.1827071e-01
  -2.2494939e-01   3.2616265e-01
  -2.3244771e-01   3.3448199e-01
  -2.3994602e-01   3.4326810e-01
  -2.4744433e-01   3.5256515e-01
  -2.5494265e-01   3.6242293e-01
  -2.6244096e-01   3.7289778e-01
  -2.6993927e-01   3.8405378e-01
  -2.7743758e-01   3.9596416e-01
  -2.8493590e-01   4.0871312e-01
  -2.9243421e-01   4.2239802e-01
  -2.9993252e-01   4.3713231e-01
  -3.0743083e-01   4.5304907e-01
  -3.1492915e-01   4.7030577e-01
  -3.2242746e-01   4.8909026e-01
  -3.2992577e-01   5.0962855e-01
  -3.3742408e-01   5.3219476e-01
  -3.4492240e-01   5.5712359e-01
  -3.5242071e-01   5.8482583e-01
  -3.5991902e-01   6.1580693e-01
  -3.6741734e-01   6.5068881e-01
  -3.7491565e-01   6.9023491e-01
  -3.8241396e-01   7.3537968e-01
  -3.8991227e-01   7.8726285e-01
  -3.9740442e-01   8.4720108e-01
  -4.0485372e-01   9.1645815e-01
  -4.1219438e-01   9.9612904e-01
  -4.1935860e-01   1.0873018e+00
  -4.2628514e-01   1.1912322e+00
  -4.3292123e-01   1.3095526e+00
  -4.3922384e-01   1.4444999e+00
  -4.4516030e-01   1.5990960e+00
  -4.5070838e-01   1.7772460e+00
  -4.5585574e-01   1.9837621e+00
  -4.6059905e-01   2.2243525e+00
  -4.6494277e-01   2.5056214e+00
  -4.6889784e-01   2.8351144e+00
  -4.7248026e-01   3.2214353e+00
  -4.7570984e-01   3.6744474e+00
  -4.7860893e-01   4.2055672e+00
  -4.8120137e-01   4.8281453e+00
  -4.8351168e-01   5.5579197e+00
  -4.8556427e-01   6.4135122e+00
  -4.8738293e-01   7.4169184e+00
  -4.8899045e-01   8.5938980e+00
  -4.9040832e-01   9.9740783e+00
  -4.9165656e-01   1.1590412e+01
  -4.9275365e-01   1.3477346e+01
  -4.9371649e-01   1.5666650e+01
  -4.9456043e-01   1.8179436e+01
  -4.9529932e-01   2.1012621e+01
  -4.9594561e-01   2.4118497e+01
  -4.9651042e-01   2.7377457e+01
  -4.9700365e-01   3.0566641e+01
  -4.9743408e-01   3.3330266e+01
  -4.9780951e-01   3.5158717e+01
  -4.9813679e-01   3.5380377e+01
  -4.9842197e-01   3.3161472e+01
  -4.9867038e-01   2.7496690e+01
  -4.9888669e-01   1.7160445e+01
  -4.9907499e-01   5.7555838e-01
  -4.9923887e-01  -2.4466540e+01
  -4.9938146e-01  -6.1359901e+01
  -4.9950550e-01  -1.1580050e+02
  -4.9961340e-01  -1.9818988e+02
  -4.9970723e-01  -3.2931332e+02
  -4.9978883e-01  -5.5556677e+02
  -4.9985977e-01  -9.9873623e+02
  -4.9992145e-01  -2.0870494e+03
  -4.9997507e-01  -6.9717839e+03
