   4.9997507e-01   2.7521711e+00
   4.9992145e-01   2.3190807e+00
   4.9985977e-01   2.0072688e+00
   4.9978883e-01   1.8036119e+00
   4.9970723e-01   1.6603221e+00
   4.9961340e-01   1.5516503e+00
   4.9950550e-01   1.4634849e+00
   4.9938146e-01   1.3881812e+00
   4.9923887e-01   1.3215444e+00
   4.9907499e-01   1.2611495e+00
   4.9888669e-01   1.2054779e+00
   4.9867038e-01   1.1535008e+00
   4.9842197e-01   1.1044756e+00
   4.9813678e-01   1.0578408e+00
   4.9780950e-01   1.0131554e+00
   4.9743408e-01   9.7006115e-01
   4.9700364e-01   9.2825813e-01
   4.9651041e-01   8.8748782e-01
   4.9594561e-01   8.4752201e-01
   4.9529932e-01   8.0815544e-01
   4.9456042e-01   7.6920180e-01
   4.9371648e-01   7.3049262e-01
   4.9275364e-01   6.9187925e-01
   4.9165655e-01   6.5323776e-01
   4.9040831e-01   6.1447687e-01
   4.8899044e-01   5.7554829e-01
   4.8738291e-01   5.3645875e-01
   4.8556425e-01   4.9728182e-01
   4.8351166e-01   4.5816761e-01
   4.8120136e-01   4.1934738e-01
   4.7860891e-01   3.8113073e-01
   4.7570982e-01   3.4389352e-01
   4.7248024e-01   3.0805632e-01
   4.6889781e-01   2.7405515e-01
   4.6494275e-01   2.4230807e-01
   4.6059902e-01   2.1318251e-01
   4.5585571e-01   1.8696791e-01
   4.5070835e-01   1.6385729e-01
   4.4516027e-01   1.4393929e-01
   4.3922381e-01   1.2719997e-01
   4.3292120e-01   1.1353266e-01
   4.2628511e-01   1.0275306e-01
   4.1935856e-01   9.4617535e-02
   4.1219434e-01   8.8841563e-02
   4.0485369e-01   8.5121888e-02
   3.9740439e-01   8.3170782e-02
   3.8991224e-01   8.2641793e-02
   3.8241393e-01   8.3184369e-02
   3.7491562e-01   8.4605392e-02
   3.6741730e-01   8.6738306e-02
   3.5991899e-01   8.9440086e-02
   3.5242068e-01   9.2595171e-02
   3.4492237e-01   9.6110032e-02
   3.3742405e-01   9.9908738e-02
   3.2992574e-01   1.0392947e-01
   3.2242743e-01   1.0812181e-01
   3.1492911e-01   1.1244455e-01
   3.0743080e-01   1.1686407e-01
   2.9993249e-01   1.2135290e-01
   2.9243418e-01   1.2588867e-01
   2.8493586e-01   1.3045322e-01
   2.7743755e-01   1.3503189e-01
   2.6993924e-01   1.3961290e-01
   2.6244093e-01   1.4418689e-01
   2.5494261e-01   1.4874654e-01
   2.4744430e-01   1.5328617e-01
   2.3994599e-01   1.5780156e-01
   2.3244768e-01   1.6228963e-01
   2.2494936e-01   1.6674830e-01
   2.1745105e-01   1.7117633e-01
   2.0995274e-01   1.7557316e-01
   2.0245443e-01   1.7993881e-01
   1.9495611e-01   1.8427380e-01
   1.8745780e-01   1.8857905e-01
   1.7995949e-01   1.9285581e-01
   1.7246117e-01   1.9710564e-01
   1.6496286e-01   2.0133033e-01
   1.5746455e-01   2.0553186e-01
   1.4996624e-01   2.0971240e-01
   1.4246792e-01   2.1387426e-01
   1.3496961e-01   2.1801984e-01
   1.2747130e-01   2.2215170e-01
   1.1997299e-01   2.2627246e-01
   1.1247467e-01   2.3038482e-01
   1.0497636e-01   2.3449156e-01
   9.7478048e-02   2.3859553e-01
   8.9979736e-02   2.4269965e-01
   8.2481423e-02   2.4680689e-01
   7.4983110e-02   2.5092031e-01
   6.7484798e-02   2.5504299e-01
   5.9986485e-02   2.5917813e-01
   5.2488173e-02   2.6332898e-01
   4.4989860e-02   2.6749885e-01
   3.7491547e-02   2.7169118e-01
   2.9993235e-02   2.7590946e-01
   2.2494922e-02   2.8015731e-01
   1.4996609e-02   2.8443846e-01
   7.4982967e-03   2.8875676e-01
  -1.5895382e-08   2.9311621e-01
  -7.4983285e-03   2.9752093e-01
  -1.4996641e-02   3.0197526e-01
  -2.2494954e-02   3.0648368e-01
  -2.9993266e-02   3.1105091e-01
  -3.7491579e-02   3.1568186e-01
  -4.4989892e-02   3.2038174e-01
  -5.2488204e-02   3.2515598e-01
  -5.9986517e-02   3.3001036e-01
  -6.7484830e-02   3.3495098e-01
  -7.4983142e-02   3.3998429e-01
  -8.2481455e-02   3.4511719e-01
  -8.9979768e-02   3.5035701e-01
  -9.7478080e-02   3.5571157e-01
  -1.0497639e-01   3.6118926e-01
  -1.1247471e-01   3.6679909e-01
  -1.1997302e-01   3.7255074e-01
  -1.2747133e-01   3.7845466e-01
  -1.3496964e-01   3.8452215e-01
  -1.4246796e-01   3.9076544e-01
  -1.4996627e-01   3.9719784e-01
  -1.5746458e-01   4.0383384e-01
  -1.6496289e-01   4.1068927e-01
  -1.7246121e-01   4.1778147e-01
  -1.7995952e-01   4.2512949e-01
  -1.8745783e-01   4.3275432e-01
  -1.9495614e-01   4.4067916e-01
  -2.0245446e-01   4.4892976e-01
  -2.0995277e-01   4.5753474e-01
  -2.1745108e-01   4.6652609e-01
  -2.2494939e-01   4.7593964e-01
  -2.3244771e-01   4.8581570e-01
  -2.3994602e-01   4.9619977e-01
  -2.4744433e-01   5.0714343e-01
  -2.5494265e-01   5.1870530e-01
  -2.6244096e-01   5.3095230e-01
  -2.6993927e-01   5.4396103e-01
  -2.7743758e-01   5.5781942e-01
  -2.8493590e-01   5.7262870e-01
  -2.9243421e-01   5.8850565e-01
  -2.9993252e-01   6.0558522e-01
  -3.0743083e-01   6.2402361e-01
  -3.1492915e-01   6.4400179e-01
  -3.2242746e-01   6.6572972e-01
  -3.2992577e-01   6.8945130e-01
  -3.3742408e-01   7.1545041e-01
  -3.4492240e-01   7.4405855e-01
  -3.5242071e-01   7.7566476e-01
  -3.5991902e-01   8.1072910e-01
  -3.6741734e-01   8.4980165e-01
  -3.7491565e-01   8.9355019e-01
  -3.8241396e-01   9.4280187e-01
  -3.8991227e-01   9.9859358e-01
  -3.9740442e-01   1.0621656e+00
  -4.0485372e-01   1.1348763e+00
  -4.1219438e-01   1.2180976e+00
  -4.1935860e-01   1.3134348e+00
  -4.2628514e-01   1.4228621e+00
  -4.3292123e-01   1.5488053e+00
  -4.3922384e-01   1.6942243e+00
  -4.4516030e-01   1.8626873e+00
  -4.5070838e-01   2.0584433e+00
  -4.5585574e-01   2.2864979e+00
  -4.6059905e-01   2.5527048e+00
  -4.6494277e-01   2.8638786e+00
  -4.6889784e-01   3.2279348e+00
  -4.7248026e-01   3.6540543e+00
  -4.7570984e-01   4.1528534e+00
  -4.7860893e-01   4.7365232e+00
  -4.8120137e-01   5.4188612e+00
  -4.8351168e-01   6.2150701e+00
  -4.8556427e-01   7.1411228e+00
  -4.8738293e-01   8.2124067e+00
  -4.8899045e-01   9.4412878e+00
  -4.9040832e-01   1.0833220e+01
  -4.9165656e-01   1.2381148e+01
  -4.9275365e-01   1.4058278e+01
  -4.9371649e-01   1.5809829e+01
  -4.9456043e-01   1.7545005e+01
  -4.9529932e-01   1.9130827e+01
  -4.9594561e-01   2.0389306e+01
  -4.9651042e-01   2.1098385e+01
  -4.9700365e-01   2.0995354e+01
  -4.9743408e-01   1.9779503e+01
  -4.9780951e-01   1.7109331e+01
  -4.9813679e-01   1.2588927e+01
  -4.9842197e-01   5.7377303e+00
  -4.9867038e-01  -4.0634965e+00
  -4.9888669e-01  -1.7662114e+01
  -4.9907499e-01  -3.6281089e+01
  -4.9923887e-01  -6.1772238e+01
  -4.9938146e-01  -9.7081199e+01
  -4.9950550e-01  -1.4717276e+02
  -4.9961340e-01  -2.2103842e+02
  -4.9970723e-01  -3.3648022e+02
  -4.9978883e-01  -5.3296621e+02
  -4.9985977e-01  -9.1325880e+02
  -4.9992145e-01  -1.8333685e+03
  -4.9997507e-01  -5.8314621e+03
