   4.9997507e-01   2.4083631e+00
   4.9992145e-01   1.9711382e+00
   4.9985977e-01   1.6940531e+00
   4.9978883e-01   1.5082185e+00
   4.9970723e-01   1.3752999e+00
   4.9961340e-01   1.2734417e+00
   4.9950550e-01   1.1902890e+00
   4.9938146e-01   1.1189559e+00
   4.9923887e-01   1.0555770e+00
   4.9907499e-01   9.9788785e-01
   4.9888669e-01   9.4446672e-01
   4.9867038e-01   8.9435344e-01
   4.9842197e-01   8.4686002e-01
   4.9813678e-01   8.0147125e-01
   4.9780950e-01   7.5778801e-01
   4.9743408e-01   7.1549258e-01
   4.9700364e-01   6.7432646e-01
   4.9651041e-01   6.3407578e-01
   4.9594561e-01   5.9456207e-01
   4.9529932e-01   5.5563678e-01
   4.9456042e-01   5.1717901e-01
   4.9371648e-01   4.7909600e-01
   4.9275364e-01   4.4132598e-01
   4.9165655e-01   4.0384310e-01
   4.9040831e-01   3.6666375e-01
   4.8899044e-01   3.2985307e-01
   4.8738291e-01   2.9353057e-01
   4.8556425e-01   2.5787274e-01
   4.8351166e-01   2.2311130e-01
   4.8120136e-01   1.8952551e-01
   4.7860891e-01   1.5742807e-01
   4.7570982e-01   1.2714543e-01
   4.7248024e-01   9.8994322e-02
   4.6889781e-01   7.3257563e-02
   4.6494275e-01   5.0162452e-02
   4.6059902e-01   2.9864595e-02
   4.5585571e-01   1.2438911e-02
   4.5070835e-01  -2.1218504e-03
   4.4516027e-01  -1.3902021e-02
   4.3922381e-01  -2.3053018e-02
   4.3292120e-01  -2.9780316e-02
   4.2628511e-01  -3.4329010e-02
   4.1935856e-01  -3.6969145e-02
   4.1219434e-01  -3.7981792e-02
   4.0485369e-01  -3.7644240e-02
   3.9740439e-01  -3.6215465e-02
   3.8991224e-01  -3.3972246e-02
   3.8241393e-01  -3.1149044e-02
   3.7491562e-01  -2.7888040e-02
   3.6741730e-01  -2.4299062e-02
   3.5991899e-01  -2.0471261e-02
   3.5242068e-01  -1.6474919e-02
   3.4492237e-01  -1.2365273e-02
   3.3742405e-01  -8.1857021e-03
   3.2992574e-01  -3.9702261e-03
   3.2242743e-01   2.5455392e-04
   3.1492911e-01   4.4679431e-03
   3.0743080e-01   8.6539689e-03
   2.9993249e-01   1.2800448e-02
   2.9243418e-01   1.6898246e-02
   2.8493586e-01   2.0940688e-02
   2.7743755e-01   2.4923084e-02
   2.6993924e-01   2.8842349e-02
   2.6244093e-01   3.2696697e-02
   2.5494261e-01   3.6485390e-02
   2.4744430e-01   4.0208532e-02
   2.3994599e-01   4.3866912e-02
   2.3244768e-01   4.7461862e-02
   2.2494936e-01   5.0995151e-02
   2.1745105e-01   5.4468896e-02
   2.0995274e-01   5.7885486e-02
   2.0245443e-01   6.1247527e-02
   1.9495611e-01   6.4557787e-02
   1.8745780e-01   6.7819167e-02
   1.7995949e-01   7.1034661e-02
   1.7246117e-01   7.4207335e-02
   1.6496286e-01   7.7340307e-02
   1.5746455e-01   8.0436731e-02
   1.4996624e-01   8.3499788e-02
   1.4246792e-01   8.6532672e-02
   1.3496961e-01   8.9538593e-02
   1.2747130e-01   9.2520762e-02
   1.1997299e-01   9.5482400e-02
   1.1247467e-01   9.8426732e-02
   1.0497636e-01   1.0135699e-01
   9.7478048e-02   1.0427641e-01
   8.9979736e-02   1.0718824e-01
   8.2481423e-02   1.1009576e-01
   7.4983110e-02   1.1300226e-01
   6.7484798e-02   1.1591104e-01
   5.9986485e-02   1.1882548e-01
   5.2488173e-02   1.2174896e-01
   4.4989860e-02   1.2468493e-01
   3.7491547e-02   1.2763690e-01
   2.9993235e-02   1.3060845e-01
   2.2494922e-02   1.3360324e-01
   1.4996609e-02   1.3662502e-01
   7.4982967e-03   1.3967765e-01
  -1.5895382e-08   1.4276511e-01
  -7.4983285e-03   1.4589151e-01
  -1.4996641e-02   1.4906111e-01
  -2.2494954e-02   1.5227835e-01
  -2.9993266e-02   1.5554785e-01
  -3.7491579e-02   1.5887444e-01
  -4.4989892e-02   1.6226317e-01
  -5.2488204e-02   1.6571936e-01
  -5.9986517e-02   1.6924862e-01
  -6.7484830e-02   1.7285688e-01
  -7.4983142e-02   1.7655039e-01
  -8.2481455e-02   1.8033583e-01
  -8.9979768e-02   1.8422029e-01
  -9.7478080e-02   1.8821135e-01
  -1.0497639e-01   1.9231713e-01
  -1.1247471e-01   1.9654634e-01
  -1.1997302e-01   2.0090837e-01
  -1.2747133e-01   2.0541336e-01
  -1.3496964e-01   2.1007229e-01
  -1.4246796e-01   2.1489708e-01
  -1.4996627e-01   2.1990075e-01
  -1.5746458e-01   2.2509750e-01
  -1.6496289e-01   2.3050294e-01
  -1.7246121e-01   2.3613424e-01
  -1.7995952e-01   2.4201037e-01
  -1.8745783e-01   2.4815237e-01
  -1.9495614e-01   2.5458362e-01
  -2.0245446e-01   2.6133024e-01
  -2.0995277e-01   2.6842148e-01
  -2.1745108e-01   2.7589016e-01
  -2.2494939e-01   2.8377327e-01
  -2.3244771e-01   2.9211251e-01
  -2.3994602e-01   3.0095498e-01
  -2.4744433e-01   3.1035396e-01
  -2.5494265e-01   3.2036964e-01
  -2.6244096e-01   3.3107001e-01
  -2.6993927e-01   3.4253171e-01
  -2.7743758e-01   3.5484094e-01
  -2.8493590e-01   3.6809440e-01
  -2.9243421e-01   3.8240017e-01
  -2.9993252e-01   3.9787873e-01
  -3.0743083e-01   4.1466411e-01
  -3.1492915e-01   4.3290528e-01
  -3.2242746e-01   4.5276817e-01
  -3.2992577e-01   4.7443860e-01
  -3.3742408e-01   4.9812676e-01
  -3.4492240e-01   5.2407408e-01
  -3.5242071e-01   5.5256358e-01
  -3.5991902e-01   5.8393536e-01
  -3.6741734e-01   6.1860934e-01
  -3.7491565e-01   6.5711851e-01
  -3.8241396e-01   7.0015738e-01
  -3.8991227e-01   7.4864395e-01
  -3.9740442e-01   8.0373271e-01
  -4.0485372e-01   8.6671537e-01
  -4.1219438e-01   9.3902413e-01
  -4.1935860e-01   1.0223747e+00
  -4.2628514e-01   1.1188443e+00
  -4.3292123e-01   1.2309086e+00
  -4.3922384e-01   1.3614713e+00
  -4.4516030e-01   1.5138989e+00
  -4.5070838e-01   1.6920685e+00
  -4.5585574e-01   1.9004366e+00
  -4.6059905e-01   2.1441353e+00
  -4.6494277e-01   2.4290919e+00
  -4.6889784e-01   2.7621638e+00
  -4.7248026e-01   3.1512645e+00
  -4.7570984e-01   3.6054322e+00
  -4.7860893e-01   4.1347591e+00
  -4.8120137e-01   4.7500334e+00
  -4.8351168e-01   5.4618621e+00
  -4.8556427e-01   6.2789336e+00
  -4.8738293e-01   7.2050024e+00
  -4.8899045e-01   8.2342072e+00
  -4.9040832e-01   9.3446075e+00
  -4.9165656e-01   1.0490419e+01
  -4.9275365e-01   1.1594281e+01
  -4.9371649e-01   1.2541628e+01
  -4.9456043e-01   1.3179270e+01
  -4.9529932e-01   1.3319076e+01
  -4.9594561e-01   1.2745440e+01
  -4.9651042e-01   1.1222841e+01
  -4.9700365e-01   8.4986178e+00
  -4.9743408e-01   4.2964889e+00
  -4.9780951e-01  -1.7021654e+00
  -4.9813679e-01  -9.8912292e+00
  -4.9842197e-01  -2.0789717e+01
  -4.9867038e-01  -3.5114917e+01
  -4.9888669e-01  -5.3892868e+01
  -4.9907499e-01  -7.8635097e+01
  -4.9923887e-01  -1.1164123e+02
  -4.9938146e-01  -1.5655629e+02
  -4.9950550e-01  -2.1948149e+02
  -4.9961340e-01  -3.1138525e+02
  -4.9970723e-01  -4.5386300e+02
  -4.9978883e-01  -6.9471656e+02
  -4.9985977e-01  -1.1590166e+03
  -4.9992145e-01  -2.2845217e+03
  -4.9997507e-01  -7.2071616e+03
