   4.9997507e-01   3.0662053e+00
   4.9992145e-01   2.5724298e+00
   4.9985977e-01   2.2158155e+00
   4.9978883e-01   1.9821500e+00
   4.9970723e-01   1.8170771e+00
   4.9961340e-01   1.6913100e+00
   4.9950550e-01   1.5887833e+00
   4.9938146e-01   1.5007775e+00
   4.9923887e-01   1.4224926e+00
   4.9907499e-01   1.3511399e+00
   4.9888669e-01   1.2849613e+00
   4.9867038e-01   1.2227543e+00
   4.9842197e-01   1.1636414e+00
   4.9813678e-01   1.1069490e+00
   4.9780950e-01   1.0521395e+00
   4.9743408e-01   9.9876851e-01
   4.9700364e-01   9.4645861e-01
   4.9651041e-01   8.9488260e-01
   4.9594561e-01   8.4375438e-01
   4.9529932e-01   7.9282599e-01
   4.9456042e-01   7.4188993e-01
   4.9371648e-01   6.9078667e-01
   4.9275364e-01   6.3941649e-01
   4.9165655e-01   5.8775453e-01
   4.9040831e-01   5.3586715e-01
   4.8899044e-01   4.8392639e-01
   4.8738291e-01   4.3221891e-01
   4.8556425e-01   3.8114538e-01
   4.8351166e-01   3.3120710e-01
   4.8120136e-01   2.8297859e-01
   4.7860891e-01   2.3706781e-01
   4.7570982e-01   1.9406862e-01
   4.7248024e-01   1.5451259e-01
   4.6889781e-01   1.1882773e-01
   4.6494275e-01   8.7310030e-02
   4.6059902e-01   6.0110803e-02
   4.5585571e-01   3.7239079e-02
   4.5070835e-01   1.8575647e-02
   4.4516027e-01   3.8942957e-03
   4.3922381e-01  -7.1139337e-03
   4.3292120e-01  -1.4816479e-02
   4.2628511e-01  -1.9616514e-02
   4.1935856e-01  -2.1932981e-02
   4.1219434e-01  -2.2180883e-02
   4.0485369e-01  -2.0763584e-02
   3.9740439e-01  -1.8012607e-02
   3.8991224e-01  -1.4311129e-02
   3.8241393e-01  -9.9934036e-03
   3.7491562e-01  -5.2138728e-03
   3.6741730e-01  -9.9756806e-05
   3.5991899e-01   5.2420966e-03
   3.5242068e-01   1.0729128e-02
   3.4492237e-01   1.6297915e-02
   3.3742405e-01   2.1899919e-02
   3.2992574e-01   2.7498189e-02
   3.2242743e-01   3.3064817e-02
   3.1492911e-01   3.8578974e-02
   3.0743080e-01   4.4025396e-02
   2.9993249e-01   4.9393194e-02
   2.9243418e-01   5.4674927e-02
   2.8493586e-01   5.9865874e-02
   2.7743755e-01   6.4963450e-02
   2.6993924e-01   6.9966753e-02
   2.6244093e-01   7.4876196e-02
   2.5494261e-01   7.9693217e-02
   2.4744430e-01   8.4420049e-02
   2.3994599e-01   8.9059528e-02
   2.3244768e-01   9.3614954e-02
   2.2494936e-01   9.8089967e-02
   2.1745105e-01   1.0248845e-01
   2.0995274e-01   1.0681447e-01
   2.0245443e-01   1.1107219e-01
   1.9495611e-01   1.1526586e-01
   1.8745780e-01   1.1939974e-01
   1.7995949e-01   1.2347813e-01
   1.7246117e-01   1.2750526e-01
   1.6496286e-01   1.3148538e-01
   1.5746455e-01   1.3542268e-01
   1.4996624e-01   1.3932128e-01
   1.4246792e-01   1.4318528e-01
   1.3496961e-01   1.4701872e-01
   1.2747130e-01   1.5082557e-01
   1.1997299e-01   1.5460976e-01
   1.1247467e-01   1.5837518e-01
   1.0497636e-01   1.6212568e-01
   9.7478048e-02   1.6586506e-01
   8.9979736e-02   1.6959710e-01
   8.2481423e-02   1.7332557e-01
   7.4983110e-02   1.7705422e-01
   6.7484798e-02   1.8078678e-01
   5.9986485e-02   1.8452703e-01
   5.2488173e-02   1.8827872e-01
   4.4989860e-02   1.9204567e-01
   3.7491547e-02   1.9583172e-01
   2.9993235e-02   1.9964075e-01
   2.2494922e-02   2.0347673e-01
   1.4996609e-02   2.0734369e-01
   7.4982967e-03   2.1124578e-01
  -1.5895382e-08   2.1518723e-01
  -7.4983285e-03   2.1917240e-01
  -1.4996641e-02   2.2320582e-01
  -2.2494954e-02   2.2729215e-01
  -2.9993266e-02   2.3143626e-01
  -3.7491579e-02   2.3564320e-01
  -4.4989892e-02   2.3991826e-01
  -5.2488204e-02   2.4426700e-01
  -5.9986517e-02   2.4869525e-01
  -6.7484830e-02   2.5320914e-01
  -7.4983142e-02   2.5781518e-01
  -8.2481455e-02   2.6252025e-01
  -8.9979768e-02   2.6733167e-01
  -9.7478080e-02   2.7225721e-01
  -1.0497639e-01   2.7730519e-01
  -1.1247471e-01   2.8248450e-01
  -1.1997302e-01   2.8780470e-01
  -1.2747133e-01   2.9327603e-01
  -1.3496964e-01   2.9890957e-01
  -1.4246796e-01   3.0471725e-01
  -1.4996627e-01   3.1071203e-01
  -1.5746458e-01   3.1690795e-01
  -1.6496289e-01   3.2332030e-01
  -1.7246121e-01   3.2996578e-01
  -1.7995952e-01   3.3686263e-01
  -1.8745783e-01   3.4403089e-01
  -1.9495614e-01   3.5149257e-01
  -2.0245446e-01   3.5927199e-01
  -2.0995277e-01   3.6739603e-01
  -2.1745108e-01   3.7589454e-01
  -2.2494939e-01   3.8480079e-01
  -2.3244771e-01   3.9415195e-01
  -2.3994602e-01   4.0398975e-01
  -2.4744433e-01   4.1436122e-01
  -2.5494265e-01   4.2531956e-01
  -2.6244096e-01   4.3692526e-01
  -2.6993927e-01   4.4924741e-01
  -2.7743758e-01   4.6236531e-01
  -2.8493590e-01   4.7637044e-01
  -2.9243421e-01   4.9136886e-01
  -2.9993252e-01   5.0748414e-01
  -3.0743083e-01   5.2486098e-01
  -3.1492915e-01   5.4366953e-01
  -3.2242746e-01   5.6411074e-01
  -3.2992577e-01   5.8642275e-01
  -3.3742408e-01   6.1088871e-01
  -3.4492240e-01   6.3784614e-01
  -3.5242071e-01   6.6769850e-01
  -3.5991902e-01   7.0092948e-01
  -3.6741734e-01   7.3812135e-01
  -3.7491565e-01   7.7997966e-01
  -3.8241396e-01   8.2736872e-01
  -3.8991227e-01   8.8135567e-01
  -3.9740442e-01   9.4319772e-01
  -4.0485372e-01   1.0142164e+00
  -4.1219438e-01   1.0956778e+00
  -4.1935860e-01   1.1889982e+00
  -4.2628514e-01   1.2958854e+00
  -4.3292123e-01   1.4184488e+00
  -4.3922384e-01   1.5593144e+00
  -4.4516030e-01   1.7217293e+00
  -4.5070838e-01   1.9096499e+00
  -4.5585574e-01   2.1278180e+00
  -4.6059905e-01   2.3818387e+00
  -4.6494277e-01   2.6782733e+00
  -4.6889784e-01   3.0247663e+00
  -4.7248026e-01   3.4302161e+00
  -4.7570984e-01   3.9050021e+00
  -4.7860893e-01   4.4612687e+00
  -4.8120137e-01   5.1132591e+00
  -4.8351168e-01   5.8776719e+00
  -4.8556427e-01   6.7739831e+00
  -4.8738293e-01   7.8246199e+00
  -4.8899045e-01   9.0547817e+00
  -4.9040832e-01   1.0491565e+01
  -4.9165656e-01   1.2161869e+01
  -4.9275365e-01   1.4088367e+01
  -4.9371649e-01   1.6282737e+01
  -4.9456043e-01   1.8735481e+01
  -4.9529932e-01   2.1402248e+01
  -4.9594561e-01   2.4187653e+01
  -4.9651042e-01   2.6928903e+01
  -4.9700365e-01   2.9382518e+01
  -4.9743408e-01   3.1217027e+01
  -4.9780951e-01   3.2012068e+01
  -4.9813679e-01   3.1260023e+01
  -4.9842197e-01   2.8361213e+01
  -4.9867038e-01   2.2599101e+01
  -4.9888669e-01   1.3077416e+01
  -4.9907499e-01  -1.4067384e+00
  -4.9923887e-01  -2.2599800e+01
  -4.9938146e-01  -5.3237185e+01
  -4.9950550e-01  -9.7930535e+01
  -4.9961340e-01  -1.6508678e+02
  -4.9970723e-01  -2.7147478e+02
  -4.9978883e-01  -4.5449933e+02
  -4.9985977e-01  -8.1199225e+02
  -4.9992145e-01  -1.6842129e+03
  -4.9997507e-01  -5.5270593e+03
