   4.9997507e-01   2.6861196e+00
   4.9992145e-01   2.2668303e+00
   4.9985977e-01   1.9654311e+00
   4.9978883e-01   1.7688544e+00
   4.9970723e-01   1.6307741e+00
   4.9961340e-01   1.5262380e+00
   4.9950550e-01   1.4415793e+00
   4.9938146e-01   1.3694009e+00
   4.9923887e-01   1.3056486e+00
   4.9907499e-01   1.2479830e+00
   4.9888669e-01   1.1949424e+00
   4.9867038e-01   1.1455392e+00
   4.9842197e-01   1.0990638e+00
   4.9813678e-01   1.0549821e+00
   4.9780950e-01   1.0128776e+00
   4.9743408e-01   9.7241433e-01
   4.9700364e-01   9.3331333e-01
   4.9651041e-01   8.9533620e-01
   4.9594561e-01   8.5827375e-01
   4.9529932e-01   8.2193818e-01
   4.9456042e-01   7.8615809e-01
   4.9371648e-01   7.5077587e-01
   4.9275364e-01   7.1564749e-01
   4.9165655e-01   6.8064478e-01
   4.9040831e-01   6.4566019e-01
   4.8899044e-01   6.1061407e-01
   4.8738291e-01   5.7546415e-01
   4.8556425e-01   5.4021612e-01
   4.8351166e-01   5.0493429e-01
   4.8120136e-01   4.6974992e-01
   4.7860891e-01   4.3486532e-01
   4.7570982e-01   4.0055126e-01
   4.7248024e-01   3.6713643e-01
   4.6889781e-01   3.3498862e-01
   4.6494275e-01   3.0448940e-01
   4.6059902e-01   2.7600502e-01
   4.5585571e-01   2.4985794e-01
   4.5070835e-01   2.2630275e-01
   4.4516027e-01   2.0550968e-01
   4.3922381e-01   1.8755696e-01
   4.3292120e-01   1.7243192e-01
   4.2628511e-01   1.6003926e-01
   4.1935856e-01   1.5021442e-01
   4.1219434e-01   1.4273982e-01
   4.0485369e-01   1.3736639e-01
   3.9740439e-01   1.3384123e-01
   3.8991224e-01   1.3185036e-01
   3.8241393e-01   1.3105265e-01
   3.7491562e-01   1.3125243e-01
   3.6741730e-01   1.3227787e-01
   3.5991899e-01   1.3397983e-01
   3.5242068e-01   1.3623626e-01
   3.4492237e-01   1.3894697e-01
   3.3742405e-01   1.4202942e-01
   3.2992574e-01   1.4541535e-01
   3.2242743e-01   1.4904812e-01
   3.1492911e-01   1.5288067e-01
   3.0743080e-01   1.5687381e-01
   2.9993249e-01   1.6099487e-01
   2.9243418e-01   1.6521663e-01
   2.8493586e-01   1.6951642e-01
   2.7743755e-01   1.7387541e-01
   2.6993924e-01   1.7827797e-01
   2.6244093e-01   1.8271118e-01
   2.5494261e-01   1.8716444e-01
   2.4744430e-01   1.9162910e-01
   2.3994599e-01   1.9609815e-01
   2.3244768e-01   2.0056600e-01
   2.2494936e-01   2.0502826e-01
   2.1745105e-01   2.0948158e-01
   2.0995274e-01   2.1392346e-01
   2.0245443e-01   2.1835216e-01
   1.9495611e-01   2.2276658e-01
   1.8745780e-01   2.2716617e-01
   1.7995949e-01   2.3155084e-01
   1.7246117e-01   2.3592093e-01
   1.6496286e-01   2.4027710e-01
   1.5746455e-01   2.4462031e-01
   1.4996624e-01   2.4895181e-01
   1.4246792e-01   2.5327304e-01
   1.3496961e-01   2.5758566e-01
   1.2747130e-01   2.6189149e-01
   1.1997299e-01   2.6619252e-01
   1.1247467e-01   2.7049087e-01
   1.0497636e-01   2.7478877e-01
   9.7478048e-02   2.7908859e-01
   8.9979736e-02   2.8339280e-01
   8.2481423e-02   2.8770396e-01
   7.4983110e-02   2.9202475e-01
   6.7484798e-02   2.9635794e-01
   5.9986485e-02   3.0070638e-01
   5.2488173e-02   3.0507305e-01
   4.4989860e-02   3.0946102e-01
   3.7491547e-02   3.1387346e-01
   2.9993235e-02   3.1831368e-01
   2.2494922e-02   3.2278508e-01
   1.4996609e-02   3.2729122e-01
   7.4982967e-03   3.3183579e-01
  -1.5895382e-08   3.3642262e-01
  -7.4983285e-03   3.4105573e-01
  -1.4996641e-02   3.4573931e-01
  -2.2494954e-02   3.5047776e-01
  -2.9993266e-02   3.5527567e-01
  -3.7491579e-02   3.6013791e-01
  -4.4989892e-02   3.6506958e-01
  -5.2488204e-02   3.7007607e-01
  -5.9986517e-02   3.7516311e-01
  -6.7484830e-02   3.8033674e-01
  -7.4983142e-02   3.8560342e-01
  -8.2481455e-02   3.9097001e-01
  -8.9979768e-02   3.9644385e-01
  -9.7478080e-02   4.0203278e-01
  -1.0497639e-01   4.0774523e-01
  -1.1247471e-01   4.1359026e-01
  -1.1997302e-01   4.1957763e-01
  -1.2747133e-01   4.2571789e-01
  -1.3496964e-01   4.3202246e-01
  -1.4246796e-01   4.3850377e-01
  -1.4996627e-01   4.4517532e-01
  -1.5746458e-01   4.5205188e-01
  -1.6496289e-01   4.5914959e-01
  -1.7246121e-01   4.6648618e-01
  -1.7995952e-01   4.7408120e-01
  -1.8745783e-01   4.8195621e-01
  -1.9495614e-01   4.9013513e-01
  -2.0245446e-01   4.9864453e-01
  -2.0995277e-01   5.0751407e-01
  -2.1745108e-01   5.1677693e-01
  -2.2494939e-01   5.2647036e-01
  -2.3244771e-01   5.3663636e-01
  -2.3994602e-01   5.4732237e-01
  -2.4744433e-01   5.5858218e-01
  -2.5494265e-01   5.7047694e-01
  -2.6244096e-01   5.8307635e-01
  -2.6993927e-01   5.9646005e-01
  -2.7743758e-01   6.1071916e-01
  -2.8493590e-01   6.2595813e-01
  -2.9243421e-01   6.4229682e-01
  -2.9993252e-01   6.5987292e-01
  -3.0743083e-01   6.7884469e-01
  -3.1492915e-01   6.9939423e-01
  -3.2242746e-01   7.2173127e-01
  -3.2992577e-01   7.4609791e-01
  -3.3742408e-01   7.7277446e-01
  -3.4492240e-01   8.0208711e-01
  -3.5242071e-01   8.3441822e-01
  -3.5991902e-01   8.7022073e-01
  -3.6741734e-01   9.1003860e-01
  -3.7491565e-01   9.5453680e-01
  -3.8241396e-01   1.0045459e+00
  -3.8991227e-01   1.0611146e+00
  -3.9740442e-01   1.1255051e+00
  -4.0485372e-01   1.1991209e+00
  -4.1219438e-01   1.2833973e+00
  -4.1935860e-01   1.3800224e+00
  -4.2628514e-01   1.4910670e+00
  -4.3292123e-01   1.6190609e+00
  -4.3922384e-01   1.7670682e+00
  -4.4516030e-01   1.9387578e+00
  -4.5070838e-01   2.1384754e+00
  -4.5585574e-01   2.3713209e+00
  -4.6059905e-01   2.6432399e+00
  -4.6494277e-01   2.9611319e+00
  -4.6889784e-01   3.3329705e+00
  -4.7248026e-01   3.7679213e+00
  -4.7570984e-01   4.2764168e+00
  -4.7860893e-01   4.8701213e+00
  -4.8120137e-01   5.5616669e+00
  -4.8351168e-01   6.3639855e+00
  -4.8556427e-01   7.2889960e+00
  -4.8738293e-01   8.3453604e+00
  -4.8899045e-01   9.5350463e+00
  -4.9040832e-01   1.0848567e+01
  -4.9165656e-01   1.2259079e+01
  -4.9275365e-01   1.3715946e+01
  -4.9371649e-01   1.5138850e+01
  -4.9456043e-01   1.6413737e+01
  -4.9529932e-01   1.7391599e+01
  -4.9594561e-01   1.7890204e+01
  -4.9651042e-01   1.7697537e+01
  -4.9700365e-01   1.6574380e+01
  -4.9743408e-01   1.4252614e+01
  -4.9780951e-01   1.0425623e+01
  -4.9813679e-01   4.7272264e+00
  -4.9842197e-01  -3.3048988e+00
  -4.9867038e-01  -1.4287542e+01
  -4.9888669e-01  -2.9083786e+01
  -4.9907499e-01  -4.8952045e+01
  -4.9923887e-01  -7.5801839e+01
  -4.9938146e-01  -1.1266494e+02
  -4.9950550e-01  -1.6463517e+02
  -4.9961340e-01  -2.4090865e+02
  -4.9970723e-01  -3.5964501e+02
  -4.9978883e-01  -5.6102508e+02
  -4.9985977e-01  -9.4951254e+02
  -4.9992145e-01  -1.8865323e+03
  -4.9997507e-01  -5.9379107e+03
