   4.9997507e-01   2.7290297e+00
   4.9992145e-01   2.2209520e+00
   4.9985977e-01   1.8991777e+00
   4.9978883e-01   1.6832632e+00
   4.9970723e-01   1.5285862e+00
   4.9961340e-01   1.4097743e+00
   4.9950550e-01   1.3125117e+00
   4.9938146e-01   1.2288270e+00
   4.9923887e-01   1.1542444e+00
   4.9907499e-01   1.0861390e+00
   4.9888669e-01   1.0228589e+00
   4.9867038e-01   9.6328607e-01
   4.9842197e-01   9.0661693e-01
   4.9813678e-01   8.5224824e-01
   4.9780950e-01   7.9971186e-01
   4.9743408e-01   7.4863561e-01
   4.9700364e-01   6.9871882e-01
   4.9651041e-01   6.4971756e-01
   4.9594561e-01   6.0143661e-01
   4.9529932e-01   5.5372669e-01
   4.9456042e-01   5.0648587e-01
   4.9371648e-01   4.5966434e-01
   4.9275364e-01   4.1327136e-01
   4.9165655e-01   3.6738286e-01
   4.9040831e-01   3.2214779e-01
   4.8899044e-01   2.7779077e-01
   4.8738291e-01   2.3460869e-01
   4.8556425e-01   1.9295965e-01
   4.8351166e-01   1.5324346e-01
   4.8120136e-01   1.1587484e-01
   4.7860891e-01   8.1252118e-02
   4.7570982e-01   4.9725651e-02
   4.7248024e-01   2.1570478e-02
   4.6889781e-01  -3.0329840e-03
   4.6494275e-01  -2.4008134e-02
   4.6059902e-01  -4.1381334e-02
   4.5585571e-01  -5.5272822e-02
   4.5070835e-01  -6.5882199e-02
   4.4516027e-01  -7.3471277e-02
   4.3922381e-01  -7.8346516e-02
   4.3292120e-01  -8.0842370e-02
   4.2628511e-01  -8.1306131e-02
   4.1935856e-01  -8.0084466e-02
   4.1219434e-01  -7.7511462e-02
   4.0485369e-01  -7.3898097e-02
   3.9740439e-01  -6.9515673e-02
   3.8991224e-01  -6.4640920e-02
   3.8241393e-01  -5.9489509e-02
   3.7491562e-01  -5.4169374e-02
   3.6741730e-01  -4.8758969e-02
   3.5991899e-01  -4.3320461e-02
   3.5242068e-01  -3.7900426e-02
   3.4492237e-01  -3.2533173e-02
   3.3742405e-01  -2.7243566e-02
   3.2992574e-01  -2.2049226e-02
   3.2242743e-01  -1.6962218e-02
   3.1492911e-01  -1.1990344e-02
   3.0743080e-01  -7.1381391e-03
   2.9993249e-01  -2.4076318e-03
   2.9243418e-01   2.2010603e-03
   2.8493586e-01   6.6892715e-03
   2.7743755e-01   1.1059430e-02
   2.6993924e-01   1.5314780e-02
   2.6244093e-01   1.9459161e-02
   2.5494261e-01   2.3496840e-02
   2.4744430e-01   2.7432382e-02
   2.3994599e-01   3.1270538e-02
   2.3244768e-01   3.5016177e-02
   2.2494936e-01   3.8674217e-02
   2.1745105e-01   4.2249580e-02
   2.0995274e-01   4.5747159e-02
   2.0245443e-01   4.9171791e-02
   1.9495611e-01   5.2528241e-02
   1.8745780e-01   5.5821184e-02
   1.7995949e-01   5.9055205e-02
   1.7246117e-01   6.2234786e-02
   1.6496286e-01   6.5364313e-02
   1.5746455e-01   6.8448071e-02
   1.4996624e-01   7.1490251e-02
   1.4246792e-01   7.4494952e-02
   1.3496961e-01   7.7466186e-02
   1.2747130e-01   8.0407888e-02
   1.1997299e-01   8.3323919e-02
   1.1247467e-01   8.6218076e-02
   1.0497636e-01   8.9094099e-02
   9.7478048e-02   9.1955683e-02
   8.9979736e-02   9.4806483e-02
   8.2481423e-02   9.7650124e-02
   7.4983110e-02   1.0049021e-01
   6.7484798e-02   1.0333035e-01
   5.9986485e-02   1.0617413e-01
   5.2488173e-02   1.0902516e-01
   4.4989860e-02   1.1188709e-01
   3.7491547e-02   1.1476357e-01
   2.9993235e-02   1.1765832e-01
   2.2494922e-02   1.2057511e-01
   1.4996609e-02   1.2351780e-01
   7.4982967e-03   1.2649031e-01
  -1.5895382e-08   1.2949667e-01
  -7.4983285e-03   1.3254105e-01
  -1.4996641e-02   1.3562771e-01
  -2.2494954e-02   1.3876111e-01
  -2.9993266e-02   1.4194584e-01
  -3.7491579e-02   1.4518671e-01
  -4.4989892e-02   1.4848872e-01
  -5.2488204e-02   1.5185714e-01
  -5.9986517e-02   1.5529749e-01
  -6.7484830e-02   1.5881558e-01
  -7.4983142e-02   1.6241757e-01
  -8.2481455e-02   1.6610996e-01
  -8.9979768e-02   1.6989969e-01
  -9.7478080e-02   1.7379411e-01
  -1.0497639e-01   1.7780111e-01
  -1.1247471e-01   1.8192912e-01
  -1.1997302e-01   1.8618719e-01
  -1.2747133e-01   1.9058507e-01
  -1.3496964e-01   1.9513328e-01
  -1.4246796e-01   1.9984321e-01
  -1.4996627e-01   2.0472723e-01
  -1.5746458e-01   2.0979880e-01
  -1.6496289e-01   2.1507263e-01
  -1.7246121e-01   2.2056481e-01
  -1.7995952e-01   2.2629307e-01
  -1.8745783e-01   2.3227693e-01
  -1.9495614e-01   2.3853802e-01
  -2.0245446e-01   2.4510039e-01
  -2.0995277e-01   2.5199084e-01
  -2.1745108e-01   2.5923944e-01
  -2.2494939e-01   2.6687999e-01
  -2.3244771e-01   2.7495069e-01
  -2.3994602e-01   2.8349485e-01
  -2.4744433e-01   2.9256175e-01
  -2.5494265e-01   3.0220766e-01
  -2.6244096e-01   3.1249695e-01
  -2.6993927e-01   3.2350338e-01
  -2.7743758e-01   3.3531149e-01
  -2.8493590e-01   3.4801816e-01
  -2.9243421e-01   3.6173418e-01
  -2.9993252e-01   3.7658594e-01
  -3.0743083e-01   3.9271704e-01
  -3.1492915e-01   4.1029007e-01
  -3.2242746e-01   4.2948840e-01
  -3.2992577e-01   4.5051834e-01
  -3.3742408e-01   4.7361197e-01
  -3.4492240e-01   4.9903157e-01
  -3.5242071e-01   5.2707645e-01
  -3.5991902e-01   5.5809421e-01
  -3.6741734e-01   5.9249882e-01
  -3.7491565e-01   6.3079924e-01
  -3.8241396e-01   6.7364434e-01
  -3.8991227e-01   7.2188431e-01
  -3.9740442e-01   7.7658306e-01
  -4.0485372e-01   8.3891878e-01
  -4.1219438e-01   9.1020283e-01
  -4.1935860e-01   9.9204309e-01
  -4.2628514e-01   1.0864343e+00
  -4.3292123e-01   1.1957984e+00
  -4.3922384e-01   1.3230092e+00
  -4.4516030e-01   1.4714153e+00
  -4.5070838e-01   1.6448716e+00
  -4.5585574e-01   1.8477954e+00
  -4.6059905e-01   2.0852543e+00
  -4.6494277e-01   2.3630941e+00
  -4.6889784e-01   2.6881042e+00
  -4.7248026e-01   3.0682138e+00
  -4.7570984e-01   3.5126971e+00
  -4.7860893e-01   4.0323521e+00
  -4.8120137e-01   4.6395813e+00
  -4.8351168e-01   5.3482441e+00
  -4.8556427e-01   6.1730407e+00
  -4.8738293e-01   7.1280346e+00
  -4.8899045e-01   8.2237308e+00
  -4.9040832e-01   9.4620085e+00
  -4.9165656e-01   1.0828328e+01
  -4.9275365e-01   1.2281242e+01
  -4.9371649e-01   1.3740477e+01
  -4.9456043e-01   1.5076376e+01
  -4.9529932e-01   1.6104460e+01
  -4.9594561e-01   1.6588001e+01
  -4.9651042e-01   1.6248274e+01
  -4.9700365e-01   1.4777763e+01
  -4.9743408e-01   1.1848344e+01
  -4.9780951e-01   7.1062747e+00
  -4.9813679e-01   1.4808523e-01
  -4.9842197e-01  -9.5262597e+00
  -4.9867038e-01  -2.2587430e+01
  -4.9888669e-01  -3.9988858e+01
  -4.9907499e-01  -6.3142461e+01
  -4.9923887e-01  -9.4214044e+01
  -4.9938146e-01  -1.3666227e+02
  -4.9950550e-01  -1.9630961e+02
  -4.9961340e-01  -2.8366655e+02
  -4.9970723e-01  -4.1948729e+02
  -4.9978883e-01  -6.4980958e+02
  -4.9985977e-01  -1.0953131e+03
  -4.9992145e-01  -2.1794564e+03
  -4.9997507e-01  -6.9578136e+03
