   4.9997507e-01   3.0000202e+00
   4.9992145e-01   2.1851251e+00
   4.9985977e-01   1.9663297e+00
   4.9978883e-01   1.8130269e+00
   4.9970723e-01   1.6987368e+00
   4.9961340e-01   1.6077454e+00
   4.9950550e-01   1.5312237e+00
   4.9938146e-01   1.4642513e+00
   4.9923887e-01   1.4040441e+00
   4.9907499e-01   1.3489408e+00
   4.9888669e-01   1.2978685e+00
   4.9867038e-01   1.2500790e+00
   4.9842197e-01   1.2050198e+00
   4.9813678e-01   1.1622661e+00
   4.9780950e-01   1.1214814e+00
   4.9743408e-01   1.0823918e+00
   4.9700364e-01   1.0447682e+00
   4.9651041e-01   1.0084143e+00
   4.9594561e-01   9.7315710e-01
   4.9529932e-01   9.3884046e-01
   4.9456042e-01   9.0532001e-01
   4.9371648e-01   8.7245993e-01
   4.9275364e-01   8.4013108e-01
   4.9165655e-01   8.0821080e-01
   4.9040831e-01   7.7658449e-01
   4.8899044e-01   7.4514923e-01
   4.8738291e-01   7.1381942e-01
   4.8556425e-01   6.8253450e-01
   4.8351166e-01   6.5126810e-01
   4.8120136e-01   6.2003790e-01
   4.7860891e-01   5.8891452e-01
   4.7570982e-01   5.5802786e-01
   4.7248024e-01   5.2756884e-01
   4.6889781e-01   4.9778493e-01
   4.6494275e-01   4.6896869e-01
   4.6059902e-01   4.4143963e-01
   4.5585571e-01   4.1552116e-01
   4.5070835e-01   3.9151556e-01
   4.4516027e-01   3.6968020e-01
   4.3922381e-01   3.5020833e-01
   4.3292120e-01   3.3321655e-01
   4.2628511e-01   3.1874006e-01
   4.1935856e-01   3.0673538e-01
   4.1219434e-01   2.9708964e-01
   4.0485369e-01   2.8963669e-01
   3.9740439e-01   2.8417818e-01
   3.8991224e-01   2.8044771e-01
   3.8241393e-01   2.7811172e-01
   3.7491562e-01   2.7697187e-01
   3.6741730e-01   2.7684771e-01
   3.5991899e-01   2.7757907e-01
   3.5242068e-01   2.7903207e-01
   3.4492237e-01   2.8109444e-01
   3.3742405e-01   2.8367171e-01
   3.2992574e-01   2.8668406e-01
   3.2242743e-01   2.9006386e-01
   3.1492911e-01   2.9375368e-01
   3.0743080e-01   2.9770463e-01
   2.9993249e-01   3.0187503e-01
   2.9243418e-01   3.0622935e-01
   2.8493586e-01   3.1073725e-01
   2.7743755e-01   3.1537284e-01
   2.6993924e-01   3.2011405e-01
   2.6244093e-01   3.2494207e-01
   2.5494261e-01   3.2984091e-01
   2.4744430e-01   3.3479700e-01
   2.3994599e-01   3.3979889e-01
   2.3244768e-01   3.4483693e-01
   2.2494936e-01   3.4990303e-01
   2.1745105e-01   3.5499050e-01
   2.0995274e-01   3.6009379e-01
   2.0245443e-01   3.6520843e-01
   1.9495611e-01   3.7033082e-01
   1.8745780e-01   3.7545813e-01
   1.7995949e-01   3.8058825e-01
   1.7246117e-01   3.8571963e-01
   1.6496286e-01   3.9085128e-01
   1.5746455e-01   3.9598262e-01
   1.4996624e-01   4.0111353e-01
   1.4246792e-01   4.0624419e-01
   1.3496961e-01   4.1137514e-01
   1.2747130e-01   4.1650716e-01
   1.1997299e-01   4.2164132e-01
   1.1247467e-01   4.2677888e-01
   1.0497636e-01   4.3192132e-01
   9.7478048e-02   4.3707029e-01
   8.9979736e-02   4.4222764e-01
   8.2481423e-02   4.4739535e-01
   7.4983110e-02   4.5257556e-01
   6.7484798e-02   4.5777056e-01
   5.9986485e-02   4.6298278e-01
   5.2488173e-02   4.6821478e-01
   4.4989860e-02   4.7346926e-01
   3.7491547e-02   4.7874907e-01
   2.9993235e-02   4.8405719e-01
   2.2494922e-02   4.8939676e-01
   1.4996609e-02   4.9477106e-01
   7.4982967e-03   5.0018355e-01
  -1.5895382e-08   5.0563785e-01
  -7.4983285e-03   5.1113778e-01
  -1.4996641e-02   5.1668734e-01
  -2.2494954e-02   5.2229078e-01
  -2.9993266e-02   5.2795255e-01
  -3.7491579e-02   5.3367737e-01
  -4.4989892e-02   5.3947025e-01
  -5.2488204e-02   5.4533649e-01
  -5.9986517e-02   5.5128174e-01
  -6.7484830e-02   5.5731201e-01
  -7.4983142e-02   5.6343373e-01
  -8.2481455e-02   5.6965375e-01
  -8.9979768e-02   5.7597946e-01
  -9.7478080e-02   5.8241877e-01
  -1.0497639e-01   5.8898021e-01
  -1.1247471e-01   5.9567301e-01
  -1.1997302e-01   6.0250713e-01
  -1.2747133e-01   6.0949343e-01
  -1.3496964e-01   6.1664368e-01
  -1.4246796e-01   6.2397076e-01
  -1.4996627e-01   6.3148872e-01
  -1.5746458e-01   6.3921303e-01
  -1.6496289e-01   6.4716067e-01
  -1.7246121e-01   6.5535039e-01
  -1.7995952e-01   6.6380294e-01
  -1.8745783e-01   6.7254133e-01
  -1.9495614e-01   6.8159118e-01
  -2.0245446e-01   6.9098108e-01
  -2.0995277e-01   7.0074301e-01
  -2.1745108e-01   7.1091282e-01
  -2.2494939e-01   7.2153086e-01
  -2.3244771e-01   7.3264251e-01
  -2.3994602e-01   7.4429906e-01
  -2.4744433e-01   7.5655843e-01
  -2.5494265e-01   7.6948619e-01
  -2.6244096e-01   7.8315663e-01
  -2.6993927e-01   7.9765397e-01
  -2.7743758e-01   8.1307376e-01
  -2.8493590e-01   8.2952446e-01
  -2.9243421e-01   8.4712921e-01
  -2.9993252e-01   8.6602802e-01
  -3.0743083e-01   8.8638020e-01
  -3.1492915e-01   9.0836743e-01
  -3.2242746e-01   9.3219759e-01
  -3.2992577e-01   9.5810963e-01
  -3.3742408e-01   9.8638008e-01
  -3.4492240e-01   1.0173317e+00
  -3.5242071e-01   1.0513457e+00
  -3.5991902e-01   1.0888784e+00
  -3.6741734e-01   1.1304849e+00
  -3.7491565e-01   1.1768537e+00
  -3.8241396e-01   1.2288561e+00
  -3.8991227e-01   1.2876005e+00
  -3.9740442e-01   1.3544289e+00
  -4.0485372e-01   1.4308688e+00
  -4.1219438e-01   1.5184974e+00
  -4.1935860e-01   1.6191657e+00
  -4.2628514e-01   1.7351241e+00
  -4.3292123e-01   1.8690883e+00
  -4.3922384e-01   2.0243076e+00
  -4.4516030e-01   2.2046306e+00
  -4.5070838e-01   2.4145703e+00
  -4.5585574e-01   2.6593671e+00
  -4.6059905e-01   2.9450444e+00
  -4.6494277e-01   3.2784386e+00
  -4.6889784e-01   3.6671684e+00
  -4.7248026e-01   4.1194832e+00
  -4.7570984e-01   4.6438929e+00
  -4.7860893e-01   5.2484475e+00
  -4.8120137e-01   5.9395055e+00
  -4.8351168e-01   6.7198310e+00
  -4.8556427e-01   7.5859263e+00
  -4.8738293e-01   8.5246535e+00
  -4.8899045e-01   9.5094381e+00
  -4.9040832e-01   1.0496618e+01
  -4.9165656e-01   1.1422688e+01
  -4.9275365e-01   1.2203142e+01
  -4.9371649e-01   1.2733248e+01
  -4.9456043e-01   1.2890412e+01
  -4.9529932e-01   1.2537052e+01
  -4.9594561e-01   1.1522349e+01
  -4.9651042e-01   9.6811103e+00
  -4.9700365e-01   6.8281994e+00
  -4.9743408e-01   2.7473291e+00
  -4.9780951e-01  -2.8269255e+00
  -4.9813679e-01  -1.0235607e+01
  -4.9842197e-01  -1.9933635e+01
  -4.9867038e-01  -3.2546212e+01
  -4.9888669e-01  -4.8955458e+01
  -4.9907499e-01  -7.0440411e+01
  -4.9923887e-01  -9.8916602e+01
  -4.9938146e-01  -1.3737346e+02
  -4.9950550e-01  -1.9073388e+02
  -4.9961340e-01  -2.6768793e+02
  -4.9970723e-01  -3.8499631e+02
  -4.9978883e-01  -5.7894941e+02
  -4.9985977e-01  -9.4235763e+02
  -4.9992145e-01  -1.7953607e+03
  -4.9997507e-01  -6.6991478e+03
