   4.9997507e-01   4.7780140e+00
   4.9992145e-01   3.9879815e+00
   4.9985977e-01   3.4239189e+00
   4.9978883e-01   3.0031641e+00
   4.9970723e-01   2.6796097e+00
   4.9961340e-01   2.4228468e+00
   4.9950550e-01   2.2115733e+00
   4.9938146e-01   2.0309115e+00
   4.9923887e-01   1.8707814e+00
   4.9907499e-01   1.7245769e+00
   4.9888669e-01   1.5880462e+00
   4.9867038e-01   1.4584305e+00
   4.9842197e-01   1.3338864e+00
   4.9813678e-01   1.2131449e+00
   4.9780950e-01   1.0953318e+00
   4.9743408e-01   9.7988139e-01
   4.9700364e-01   8.6649981e-01
   4.9651041e-01   7.5515210e-01
   4.9594561e-01   6.4605652e-01
   4.9529932e-01   5.3967497e-01
   4.9456042e-01   4.3668998e-01
   4.9371648e-01   3.3796219e-01
   4.9275364e-01   2.4446650e-01
   4.9165655e-01   1.5721024e-01
   4.9040831e-01   7.7142653e-02
   4.8899044e-01   5.0682841e-03
   4.8738291e-01  -5.8422313e-02
   4.8556425e-01  -1.1299443e-01
   4.8351166e-01  -1.5857969e-01
   4.8120136e-01  -1.9535817e-01
   4.7860891e-01  -2.2372038e-01
   4.7570982e-01  -2.4421958e-01
   4.7248024e-01  -2.5752397e-01
   4.6889781e-01  -2.6437494e-01
   4.6494275e-01  -2.6555417e-01
   4.6059902e-01  -2.6185911e-01
   4.5585571e-01  -2.5408445e-01
   4.5070835e-01  -2.4300700e-01
   4.4516027e-01  -2.2937163e-01
   4.3922381e-01  -2.1387730e-01
   4.3292120e-01  -1.9716349e-01
   4.2628511e-01  -1.7979787e-01
   4.1935856e-01  -1.6226809e-01
   4.1219434e-01  -1.4497428e-01
   4.0485369e-01  -1.2823394e-01
   3.9740439e-01  -1.1226485e-01
   3.8991224e-01  -9.7250998e-02
   3.8241393e-01  -8.3259621e-02
   3.7491562e-01  -7.0217703e-02
   3.6741730e-01  -5.8046286e-02
   3.5991899e-01  -4.6675961e-02
   3.5242068e-01  -3.6041845e-02
   3.4492237e-01  -2.6083333e-02
   3.3742405e-01  -1.6744172e-02
   3.2992574e-01  -7.9724607e-03
   3.2242743e-01   2.7947533e-04
   3.1492911e-01   8.0552882e-03
   3.0743080e-01   1.5394865e-02
   2.9993249e-01   2.2334607e-02
   2.9243418e-01   2.8907718e-02
   2.8493586e-01   3.5144482e-02
   2.7743755e-01   4.1072533e-02
   2.6993924e-01   4.6717101e-02
   2.6244093e-01   5.2101244e-02
   2.5494261e-01   5.7246062e-02
   2.4744430e-01   6.2170885e-02
   2.3994599e-01   6.6893450e-02
   2.3244768e-01   7.1430057e-02
   2.2494936e-01   7.5795711e-02
   2.1745105e-01   8.0004251e-02
   2.0995274e-01   8.4068464e-02
   2.0245443e-01   8.8000188e-02
   1.9495611e-01   9.1810406e-02
   1.8745780e-01   9.5509330e-02
   1.7995949e-01   9.9106478e-02
   1.7246117e-01   1.0261074e-01
   1.6496286e-01   1.0603043e-01
   1.5746455e-01   1.0937338e-01
   1.4996624e-01   1.1264693e-01
   1.4246792e-01   1.1585803e-01
   1.3496961e-01   1.1901325e-01
   1.2747130e-01   1.2211884e-01
   1.1997299e-01   1.2518074e-01
   1.1247467e-01   1.2820463e-01
   1.0497636e-01   1.3119596e-01
   9.7478048e-02   1.3415998e-01
   8.9979736e-02   1.3710174e-01
   8.2481423e-02   1.4002616e-01
   7.4983110e-02   1.4293801e-01
   6.7484798e-02   1.4584195e-01
   5.9986485e-02   1.4874258e-01
   5.2488173e-02   1.5164439e-01
   4.4989860e-02   1.5455185e-01
   3.7491547e-02   1.5746938e-01
   2.9993235e-02   1.6040140e-01
   2.2494922e-02   1.6335234e-01
   1.4996609e-02   1.6632665e-01
   7.4982967e-03   1.6932882e-01
  -1.5895382e-08   1.7236341e-01
  -7.4983285e-03   1.7543506e-01
  -1.4996641e-02   1.7854852e-01
  -2.2494954e-02   1.8170865e-01
  -2.9993266e-02   1.8492046e-01
  -3.7491579e-02   1.8818914e-01
  -4.4989892e-02   1.9152007e-01
  -5.2488204e-02   1.9491885e-01
  -5.9986517e-02   1.9839132e-01
  -6.7484830e-02   2.0194361e-01
  -7.4983142e-02   2.0558217e-01
  -8.2481455e-02   2.0931378e-01
  -8.9979768e-02   2.1314563e-01
  -9.7478080e-02   2.1708533e-01
  -1.0497639e-01   2.2114098e-01
  -1.1247471e-01   2.2532120e-01
  -1.1997302e-01   2.2963523e-01
  -1.2747133e-01   2.3409295e-01
  -1.3496964e-01   2.3870499e-01
  -1.4246796e-01   2.4348278e-01
  -1.4996627e-01   2.4843870e-01
  -1.5746458e-01   2.5358611e-01
  -1.6496289e-01   2.5893952e-01
  -1.7246121e-01   2.6451474e-01
  -1.7995952e-01   2.7032900e-01
  -1.8745783e-01   2.7640112e-01
  -1.9495614e-01   2.8275176e-01
  -2.0245446e-01   2.8940365e-01
  -2.0995277e-01   2.9638182e-01
  -2.1745108e-01   3.0371395e-01
  -2.2494939e-01   3.1143077e-01
  -2.3244771e-01   3.1956643e-01
  -2.3994602e-01   3.2815908e-01
  -2.4744433e-01   3.3725144e-01
  -2.5494265e-01   3.4689154e-01
  -2.6244096e-01   3.5713358e-01
  -2.6993927e-01   3.6803898e-01
  -2.7743758e-01   3.7967766e-01
  -2.8493590e-01   3.9212956e-01
  -2.9243421e-01   4.0548660e-01
  -2.9993252e-01   4.1985502e-01
  -3.0743083e-01   4.3535841e-01
  -3.1492915e-01   4.5214153e-01
  -3.2242746e-01   4.7037521e-01
  -3.2992577e-01   4.9026283e-01
  -3.3742408e-01   5.1204876e-01
  -3.4492240e-01   5.3602977e-01
  -3.5242071e-01   5.6257023e-01
  -3.5991902e-01   5.9212257e-01
  -3.6741734e-01   6.2525461e-01
  -3.7491565e-01   6.6268571e-01
  -3.8241396e-01   7.0533405e-01
  -3.8991227e-01   7.5437729e-01
  -3.9740442e-01   8.1126514e-01
  -4.0485372e-01   8.7751539e-01
  -4.1219438e-01   9.5454490e-01
  -4.1935860e-01   1.0437055e+00
  -4.2628514e-01   1.1462992e+00
  -4.3292123e-01   1.2636795e+00
  -4.3922384e-01   1.3975021e+00
  -4.4516030e-01   1.5500576e+00
  -4.5070838e-01   1.7245633e+00
  -4.5585574e-01   1.9253220e+00
  -4.6059905e-01   2.1577480e+00
  -4.6494277e-01   2.4283232e+00
  -4.6889784e-01   2.7445591e+00
  -4.7248026e-01   3.1150159e+00
  -4.7570984e-01   3.5494143e+00
  -4.7860893e-01   4.0588597e+00
  -4.8120137e-01   4.6561947e+00
  -4.8351168e-01   5.3564818e+00
  -4.8556427e-01   6.1776054e+00
  -4.8738293e-01   7.1409762e+00
  -4.8899045e-01   8.2723209e+00
  -4.9040832e-01   9.6025423e+00
  -4.9165656e-01   1.1168601e+01
  -4.9275365e-01   1.3014292e+01
  -4.9371649e-01   1.5190559e+01
  -4.9456043e-01   1.7754596e+01
  -4.9529932e-01   2.0766214e+01
  -4.9594561e-01   2.4278871e+01
  -4.9651042e-01   2.8321436e+01
  -4.9700365e-01   3.2866019e+01
  -4.9743408e-01   3.7778398e+01
  -4.9780951e-01   4.2752521e+01
  -4.9813679e-01   4.7239271e+01
  -4.9842197e-01   5.0387645e+01
  -4.9867038e-01   5.1013893e+01
  -4.9888669e-01   4.7591394e+01
  -4.9907499e-01   3.8211497e+01
  -4.9923887e-01   2.0413145e+01
  -4.9938146e-01  -9.2834972e+00
  -4.9950550e-01  -5.6423081e+01
  -4.9961340e-01  -1.3085266e+02
  -4.9970723e-01  -2.5178271e+02
  -4.9978883e-01  -4.6091269e+02
  -4.9985977e-01  -8.6492559e+02
  -4.9992145e-01  -1.8344715e+03
  -4.9997507e-01  -6.1586535e+03
