   4.9997507e-01   2.1713071e+00
   4.9992145e-01   1.7855746e+00
   4.9985977e-01   1.5411349e+00
   4.9978883e-01   1.3773442e+00
   4.9970723e-01   1.2603915e+00
   4.9961340e-01   1.1709696e+00
   4.9950550e-01   1.0981535e+00
   4.9938146e-01   1.0358523e+00
   4.9923887e-01   9.8064881e-01
   4.9907499e-01   9.3054408e-01
   4.9888669e-01   8.8428544e-01
   4.9867038e-01   8.4102910e-01
   4.9842197e-01   8.0017220e-01
   4.9813678e-01   7.6126476e-01
   4.9780950e-01   7.2395940e-01
   4.9743408e-01   6.8798050e-01
   4.9700364e-01   6.5310416e-01
   4.9651041e-01   6.1914486e-01
   4.9594561e-01   5.8594628e-01
   4.9529932e-01   5.5337526e-01
   4.9456042e-01   5.2131798e-01
   4.9371648e-01   4.8967813e-01
   4.9275364e-01   4.5837684e-01
   4.9165655e-01   4.2735436e-01
   4.9040831e-01   3.9657324e-01
   4.8899044e-01   3.6602292e-01
   4.8738291e-01   3.3572514e-01
   4.8556425e-01   3.0573935e-01
   4.8351166e-01   2.7616706e-01
   4.8120136e-01   2.4715384e-01
   4.7860891e-01   2.1888759e-01
   4.7570982e-01   1.9159226e-01
   4.7248024e-01   1.6551660e-01
   4.6889781e-01   1.4091866e-01
   4.6494275e-01   1.1804752e-01
   4.6059902e-01   9.7124564e-02
   4.5585571e-01   7.8326647e-02
   4.5070835e-01   6.1773426e-02
   4.4516027e-01   4.7520094e-02
   4.3922381e-01   3.5555921e-02
   4.3292120e-01   2.5808084e-02
   4.2628511e-01   1.8149684e-02
   4.1935856e-01   1.2410659e-02
   4.1219434e-01   8.3903313e-03
   4.0485369e-01   5.8725667e-03
   3.9740439e-01   4.6373929e-03
   3.8991224e-01   4.4350532e-03
   3.8241393e-01   5.0363906e-03
   3.7491562e-01   6.2832598e-03
   3.6741730e-01   8.0488013e-03
   3.5991899e-01   1.0228264e-02
   3.5242068e-01   1.2736668e-02
   3.4492237e-01   1.5504990e-02
   3.3742405e-01   1.8477010e-02
   3.2992574e-01   2.1606810e-02
   3.2242743e-01   2.4856820e-02
   3.1492911e-01   2.8196266e-02
   3.0743080e-01   3.1599939e-02
   2.9993249e-01   3.5047213e-02
   2.9243418e-01   3.8521245e-02
   2.8493586e-01   4.2008338e-02
   2.7743755e-01   4.5497407e-02
   2.6993924e-01   4.8979553e-02
   2.6244093e-01   5.2447706e-02
   2.5494261e-01   5.5896328e-02
   2.4744430e-01   5.9321168e-02
   2.3994599e-01   6.2719063e-02
   2.3244768e-01   6.6087760e-02
   2.2494936e-01   6.9425779e-02
   2.1745105e-01   7.2732291e-02
   2.0995274e-01   7.6007015e-02
   2.0245443e-01   7.9250138e-02
   1.9495611e-01   8.2462238e-02
   1.8745780e-01   8.5644230e-02
   1.7995949e-01   8.8797310e-02
   1.7246117e-01   9.1922918e-02
   1.6496286e-01   9.5022697e-02
   1.5746455e-01   9.8098470e-02
   1.4996624e-01   1.0115221e-01
   1.4246792e-01   1.0418602e-01
   1.3496961e-01   1.0720212e-01
   1.2747130e-01   1.1020283e-01
   1.1997299e-01   1.1319057e-01
   1.1247467e-01   1.1616784e-01
   1.0497636e-01   1.1913721e-01
   9.7478048e-02   1.2210133e-01
   8.9979736e-02   1.2506292e-01
   8.2481423e-02   1.2802478e-01
   7.4983110e-02   1.3098977e-01
   6.7484798e-02   1.3396083e-01
   5.9986485e-02   1.3694098e-01
   5.2488173e-02   1.3993331e-01
   4.4989860e-02   1.4294100e-01
   3.7491547e-02   1.4596735e-01
   2.9993235e-02   1.4901571e-01
   2.2494922e-02   1.5208960e-01
   1.4996609e-02   1.5519261e-01
   7.4982967e-03   1.5832849e-01
  -1.5895382e-08   1.6150113e-01
  -7.4983285e-03   1.6471457e-01
  -1.4996641e-02   1.6797304e-01
  -2.2494954e-02   1.7128095e-01
  -2.9993266e-02   1.7464293e-01
  -3.7491579e-02   1.7806384e-01
  -4.4989892e-02   1.8154880e-01
  -5.2488204e-02   1.8510322e-01
  -5.9986517e-02   1.8873280e-01
  -6.7484830e-02   1.9244363e-01
  -7.4983142e-02   1.9624215e-01
  -8.2481455e-02   2.0013526e-01
  -8.9979768e-02   2.0413032e-01
  -9.7478080e-02   2.0823523e-01
  -1.0497639e-01   2.1245848e-01
  -1.1247471e-01   2.1680925e-01
  -1.1997302e-01   2.2129744e-01
  -1.2747133e-01   2.2593382e-01
  -1.3496964e-01   2.3073008e-01
  -1.4246796e-01   2.3569902e-01
  -1.4996627e-01   2.4085462e-01
  -1.5746458e-01   2.4621227e-01
  -1.6496289e-01   2.5178889e-01
  -1.7246121e-01   2.5760319e-01
  -1.7995952e-01   2.6367590e-01
  -1.8745783e-01   2.7003004e-01
  -1.9495614e-01   2.7669120e-01
  -2.0245446e-01   2.8368793e-01
  -2.0995277e-01   2.9105208e-01
  -2.1745108e-01   2.9881922e-01
  -2.2494939e-01   3.0702908e-01
  -2.3244771e-01   3.1572601e-01
  -2.3994602e-01   3.2495948e-01
  -2.4744433e-01   3.3478457e-01
  -2.5494265e-01   3.4526249e-01
  -2.6244096e-01   3.5646110e-01
  -2.6993927e-01   3.6845544e-01
  -2.7743758e-01   3.8132831e-01
  -2.8493590e-01   3.9517090e-01
  -2.9243421e-01   4.1008361e-01
  -2.9993252e-01   4.2617700e-01
  -3.0743083e-01   4.4357333e-01
  -3.1492915e-01   4.6240854e-01
  -3.2242746e-01   4.8283534e-01
  -3.2992577e-01   5.0502757e-01
  -3.3742408e-01   5.2918654e-01
  -3.4492240e-01   5.5555012e-01
  -3.5242071e-01   5.8440545e-01
  -3.5991902e-01   6.1610682e-01
  -3.6741734e-01   6.5110063e-01
  -3.7491565e-01   6.8996033e-01
  -3.8241396e-01   7.3343560e-01
  -3.8991227e-01   7.8251311e-01
  -3.9740442e-01   8.3842872e-01
  -4.0485372e-01   9.0256606e-01
  -4.1219438e-01   9.7644732e-01
  -4.1935860e-01   1.0618652e+00
  -4.2628514e-01   1.1609572e+00
  -4.3292123e-01   1.2762426e+00
  -4.3922384e-01   1.4106584e+00
  -4.4516030e-01   1.5676015e+00
  -4.5070838e-01   1.7509819e+00
  -4.5585574e-01   1.9652921e+00
  -4.6059905e-01   2.2156852e+00
  -4.6494277e-01   2.5080511e+00
  -4.6889784e-01   2.8490597e+00
  -4.7248026e-01   3.2461145e+00
  -4.7570984e-01   3.7071227e+00
  -4.7860893e-01   4.2399325e+00
  -4.8120137e-01   4.8512250e+00
  -4.8351168e-01   5.5445983e+00
  -4.8556427e-01   6.3175890e+00
  -4.8738293e-01   7.1575160e+00
  -4.8899045e-01   8.0363504e+00
  -4.9040832e-01   8.9053080e+00
  -4.9165656e-01   9.6903547e+00
  -4.9275365e-01   1.0289998e+01
  -4.9371649e-01   1.0576293e+01
  -4.9456043e-01   1.0398845e+01
  -4.9529932e-01   9.5901427e+00
  -4.9594561e-01   7.9694431e+00
  -4.9651042e-01   5.3422694e+00
  -4.9700365e-01   1.4932152e+00
  -4.9743408e-01  -3.8292728e+00
  -4.9780951e-01  -1.0937056e+01
  -4.9813679e-01  -2.0237042e+01
  -4.9842197e-01  -3.2280402e+01
  -4.9867038e-01  -4.7834461e+01
  -4.9888669e-01  -6.7993230e+01
  -4.9907499e-01  -9.4357394e+01
  -4.9923887e-01  -1.2934559e+02
  -4.9938146e-01  -1.7676993e+02
  -4.9950550e-01  -2.4298349e+02
  -4.9961340e-01  -3.3936951e+02
  -4.9970723e-01  -4.8828251e+02
  -4.9978883e-01  -7.3910337e+02
  -4.9985977e-01  -1.2207957e+03
  -4.9992145e-01  -2.3836626e+03
  -4.9997507e-01  -7.4326372e+03
