   4.9997507e-01   2.3211927e+00
   4.9992145e-01   2.0136683e+00
   4.9985977e-01   1.7958917e+00
   4.9978883e-01   1.6356261e+00
   4.9970723e-01   1.5147548e+00
   4.9961340e-01   1.4212286e+00
   4.9950550e-01   1.3465530e+00
   4.9938146e-01   1.2847788e+00
   4.9923887e-01   1.2318838e+00
   4.9907499e-01   1.1852529e+00
   4.9888669e-01   1.1432269e+00
   4.9867038e-01   1.1047490e+00
   4.9842197e-01   1.0691229e+00
   4.9813678e-01   1.0358666e+00
   4.9780950e-01   1.0046296e+00
   4.9743408e-01   9.7514762e-01
   4.9700364e-01   9.4721548e-01
   4.9651041e-01   9.2067078e-01
   4.9594561e-01   8.9538255e-01
   4.9529932e-01   8.7124341e-01
   4.9456042e-01   8.4816382e-01
   4.9371648e-01   8.2606778e-01
   4.9275364e-01   8.0488948e-01
   4.9165655e-01   7.8457067e-01
   4.9040831e-01   7.6505855e-01
   4.8899044e-01   7.4630421e-01
   4.8738291e-01   7.2826148e-01
   4.8556425e-01   7.1088632e-01
   4.8351166e-01   6.9413678e-01
   4.8120136e-01   6.7797356e-01
   4.7860891e-01   6.6236129e-01
   4.7570982e-01   6.4727049e-01
   4.7248024e-01   6.3267999e-01
   4.6889781e-01   6.1857970e-01
   4.6494275e-01   6.0497328e-01
   4.6059902e-01   5.9188020e-01
   4.5585571e-01   5.7933662e-01
   4.5070835e-01   5.6739471e-01
   4.4516027e-01   5.5611988e-01
   4.3922381e-01   5.4558611e-01
   4.3292120e-01   5.3586951e-01
   4.2628511e-01   5.2704092e-01
   4.1935856e-01   5.1915841e-01
   4.1219434e-01   5.1226074e-01
   4.0485369e-01   5.0636253e-01
   3.9740439e-01   5.0145072e-01
   3.8991224e-01   4.9747619e-01
   3.8241393e-01   4.9435590e-01
   3.7491562e-01   4.9200233e-01
   3.6741730e-01   4.9033685e-01
   3.5991899e-01   4.8928998e-01
   3.5242068e-01   4.8880010e-01
   3.4492237e-01   4.8881225e-01
   3.3742405e-01   4.8927718e-01
   3.2992574e-01   4.9015057e-01
   3.2242743e-01   4.9139243e-01
   3.1492911e-01   4.9296660e-01
   3.0743080e-01   4.9484031e-01
   2.9993249e-01   4.9698382e-01
   2.9243418e-01   4.9937015e-01
   2.8493586e-01   5.0197480e-01
   2.7743755e-01   5.0477551e-01
   2.6993924e-01   5.0775206e-01
   2.6244093e-01   5.1088611e-01
   2.5494261e-01   5.1416103e-01
   2.4744430e-01   5.1756176e-01
   2.3994599e-01   5.2107466e-01
   2.3244768e-01   5.2468742e-01
   2.2494936e-01   5.2838897e-01
   2.1745105e-01   5.3216933e-01
   2.0995274e-01   5.3601956e-01
   2.0245443e-01   5.3993170e-01
   1.9495611e-01   5.4389865e-01
   1.8745780e-01   5.4791413e-01
   1.7995949e-01   5.5197262e-01
   1.7246117e-01   5.5606932e-01
   1.6496286e-01   5.6020006e-01
   1.5746455e-01   5.6436127e-01
   1.4996624e-01   5.6854999e-01
   1.4246792e-01   5.7276373e-01
   1.3496961e-01   5.7700053e-01
   1.2747130e-01   5.8125889e-01
   1.1997299e-01   5.8553774e-01
   1.1247467e-01   5.8983642e-01
   1.0497636e-01   5.9415467e-01
   9.7478048e-02   5.9849260e-01
   8.9979736e-02   6.0285066e-01
   8.2481423e-02   6.0722966e-01
   7.4983110e-02   6.1163075e-01
   6.7484798e-02   6.1605537e-01
   5.9986485e-02   6.2050530e-01
   5.2488173e-02   6.2498265e-01
   4.4989860e-02   6.2948980e-01
   3.7491547e-02   6.3402948e-01
   2.9993235e-02   6.3860471e-01
   2.2494922e-02   6.4321886e-01
   1.4996609e-02   6.4787560e-01
   7.4982967e-03   6.5257896e-01
  -1.5895382e-08   6.5733332e-01
  -7.4983285e-03   6.6214343e-01
  -1.4996641e-02   6.6701442e-01
  -2.2494954e-02   6.7195185e-01
  -2.9993266e-02   6.7696170e-01
  -3.7491579e-02   6.8205042e-01
  -4.4989892e-02   6.8722493e-01
  -5.2488204e-02   6.9249271e-01
  -5.9986517e-02   6.9786178e-01
  -6.7484830e-02   7.0334078e-01
  -7.4983142e-02   7.0893898e-01
  -8.2481455e-02   7.1466638e-01
  -8.9979768e-02   7.2053369e-01
  -9.7478080e-02   7.2655245e-01
  -1.0497639e-01   7.3273508e-01
  -1.1247471e-01   7.3909490e-01
  -1.1997302e-01   7.4564627e-01
  -1.2747133e-01   7.5240460e-01
  -1.3496964e-01   7.5938650e-01
  -1.4246796e-01   7.6660981e-01
  -1.4996627e-01   7.7409373e-01
  -1.5746458e-01   7.8185892e-01
  -1.6496289e-01   7.8992765e-01
  -1.7246121e-01   7.9832387e-01
  -1.7995952e-01   8.0707344e-01
  -1.8745783e-01   8.1620422e-01
  -1.9495614e-01   8.2574636e-01
  -2.0245446e-01   8.3573245e-01
  -2.0995277e-01   8.4619786e-01
  -2.1745108e-01   8.5718101e-01
  -2.2494939e-01   8.6872380e-01
  -2.3244771e-01   8.8087205e-01
  -2.3994602e-01   8.9367607e-01
  -2.4744433e-01   9.0719137e-01
  -2.5494265e-01   9.2147945e-01
  -2.6244096e-01   9.3660884e-01
  -2.6993927e-01   9.5265636e-01
  -2.7743758e-01   9.6970864e-01
  -2.8493590e-01   9.8786404e-01
  -2.9243421e-01   1.0072350e+00
  -2.9993252e-01   1.0279508e+00
  -3.0743083e-01   1.0501615e+00
  -3.1492915e-01   1.0740423e+00
  -3.2242746e-01   1.0997989e+00
  -3.2992577e-01   1.1276755e+00
  -3.3742408e-01   1.1579632e+00
  -3.4492240e-01   1.1910121e+00
  -3.5242071e-01   1.2272466e+00
  -3.5991902e-01   1.2671850e+00
  -3.6741734e-01   1.3114654e+00
  -3.7491565e-01   1.3608800e+00
  -3.8241396e-01   1.4164188e+00
  -3.8991227e-01   1.4793173e+00
  -3.9740442e-01   1.5510395e+00
  -4.0485372e-01   1.6330946e+00
  -4.1219438e-01   1.7269174e+00
  -4.1935860e-01   1.8339042e+00
  -4.2628514e-01   1.9553392e+00
  -4.3292123e-01   2.0922021e+00
  -4.3922384e-01   2.2448732e+00
  -4.4516030e-01   2.4127191e+00
  -4.5070838e-01   2.5935583e+00
  -4.5585574e-01   2.7830254e+00
  -4.6059905e-01   2.9738973e+00
  -4.6494277e-01   3.1554824e+00
  -4.6889784e-01   3.3131988e+00
  -4.7248026e-01   3.4284574e+00
  -4.7570984e-01   3.4788990e+00
  -4.7860893e-01   3.4389277e+00
  -4.8120137e-01   3.2803640e+00
  -4.8351168e-01   2.9729622e+00
  -4.8556427e-01   2.4845287e+00
  -4.8738293e-01   1.7804480e+00
  -4.8899045e-01   8.2253470e-01
  -4.9040832e-01  -4.3277546e-01
  -4.9165656e-01  -2.0368267e+00
  -4.9275365e-01  -4.0516902e+00
  -4.9371649e-01  -6.5536809e+00
  -4.9456043e-01  -9.6375803e+00
  -4.9529932e-01  -1.3421842e+01
  -4.9594561e-01  -1.8055225e+01
  -4.9651042e-01  -2.3725518e+01
  -4.9700365e-01  -3.0671365e+01
  -4.9743408e-01  -3.9198663e+01
  -4.9780951e-01  -4.9703889e+01
  -4.9813679e-01  -6.2708077e+01
  -4.9842197e-01  -7.8907682e+01
  -4.9867038e-01  -9.9253206e+01
  -4.9888669e-01  -1.2507556e+02
  -4.9907499e-01  -1.5829860e+02
  -4.9923887e-01  -2.0181468e+02
  -4.9938146e-01  -2.6018108e+02
  -4.9950550e-01  -3.4097657e+02
  -4.9961340e-01  -4.5761025e+02
  -4.9970723e-01  -6.3568438e+02
  -4.9978883e-01  -9.2955001e+02
  -4.9985977e-01  -1.4756914e+03
  -4.9992145e-01  -2.7393873e+03
  -4.9997507e-01  -8.0765121e+03
