   4.9997507e-01   4.2157610e+00
   4.9992145e-01   3.5391191e+00
   4.9985977e-01   3.0563418e+00
   4.9978883e-01   2.6968484e+00
   4.9970723e-01   2.4211870e+00
   4.9961340e-01   2.2032780e+00
   4.9950550e-01   2.0248163e+00
   4.9938146e-01   1.8730010e+00
   4.9923887e-01   1.7391541e+00
   4.9907499e-01   1.6175884e+00
   4.9888669e-01   1.5046417e+00
   4.9867038e-01   1.3979302e+00
   4.9842197e-01   1.2958431e+00
   4.9813678e-01   1.1972384e+00
   4.9780950e-01   1.1012785e+00
   4.9743408e-01   1.0073457e+00
   4.9700364e-01   9.1500175e-01
   4.9651041e-01   8.2397355e-01
   4.9594561e-01   7.3415178e-01
   4.9529932e-01   6.4559680e-01
   4.9456042e-01   5.5854458e-01
   4.9371648e-01   4.7340643e-01
   4.9275364e-01   3.9075679e-01
   4.9165655e-01   3.1130504e-01
   4.9040831e-01   2.3584988e-01
   4.8899044e-01   1.6521910e-01
   4.8738291e-01   1.0020132e-01
   4.8556425e-01   4.1479233e-02
   4.8351166e-01  -1.0425621e-02
   4.8120136e-01  -5.5188658e-02
   4.7860891e-01  -9.2695230e-02
   4.7570982e-01  -1.2303241e-01
   4.7248024e-01  -1.4646509e-01
   4.6889781e-01  -1.6340364e-01
   4.6494275e-01  -1.7436959e-01
   4.6059902e-01  -1.7996378e-01
   4.5585571e-01  -1.8083871e-01
   4.5070835e-01  -1.7767492e-01
   4.4516027e-01  -1.7116020e-01
   4.3922381e-01  -1.6197030e-01
   4.3292120e-01  -1.5075099e-01
   4.2628511e-01  -1.3810116e-01
   4.1935856e-01  -1.2455942e-01
   4.1219434e-01  -1.1059150e-01
   4.0485369e-01  -9.6588008e-02
   3.9740439e-01  -8.2843732e-02
   3.8991224e-01  -6.9622520e-02
   3.8241393e-01  -5.7069763e-02
   3.7491562e-01  -4.5180208e-02
   3.6741730e-01  -3.3929610e-02
   3.5991899e-01  -2.3292234e-02
   3.5242068e-01  -1.3238147e-02
   3.4492237e-01  -3.7348297e-03
   3.3742405e-01   5.2512999e-03
   3.2992574e-01   1.3753779e-02
   3.2242743e-01   2.1805348e-02
   3.1492911e-01   2.9437479e-02
   3.0743080e-01   3.6680090e-02
   2.9993249e-01   4.3561406e-02
   2.9243418e-01   5.0107900e-02
   2.8493586e-01   5.6344309e-02
   2.7743755e-01   6.2293679e-02
   2.6993924e-01   6.7977443e-02
   2.6244093e-01   7.3415510e-02
   2.5494261e-01   7.8626361e-02
   2.4744430e-01   8.3627146e-02
   2.3994599e-01   8.8433787e-02
   2.3244768e-01   9.3061072e-02
   2.2494936e-01   9.7522741e-02
   2.1745105e-01   1.0183158e-01
   2.0995274e-01   1.0599949e-01
   2.0245443e-01   1.1003758e-01
   1.9495611e-01   1.1395621e-01
   1.8745780e-01   1.1776508e-01
   1.7995949e-01   1.2147329e-01
   1.7246117e-01   1.2508937e-01
   1.6496286e-01   1.2862134e-01
   1.5746455e-01   1.3207678e-01
   1.4996624e-01   1.3546283e-01
   1.4246792e-01   1.3878629e-01
   1.3496961e-01   1.4205358e-01
   1.2747130e-01   1.4527084e-01
   1.1997299e-01   1.4844393e-01
   1.1247467e-01   1.5157846e-01
   1.0497636e-01   1.5467983e-01
   9.7478048e-02   1.5775324e-01
   8.9979736e-02   1.6080373e-01
   8.2481423e-02   1.6383619e-01
   7.4983110e-02   1.6685538e-01
   6.7484798e-02   1.6986598e-01
   5.9986485e-02   1.7287257e-01
   5.2488173e-02   1.7587966e-01
   4.4989860e-02   1.7889173e-01
   3.7491547e-02   1.8191324e-01
   2.9993235e-02   1.8494861e-01
   2.2494922e-02   1.8800231e-01
   1.4996609e-02   1.9107881e-01
   7.4982967e-03   1.9418265e-01
  -1.5895382e-08   1.9731841e-01
  -7.4983285e-03   2.0049079e-01
  -1.4996641e-02   2.0370457e-01
  -2.2494954e-02   2.0696466e-01
  -2.9993266e-02   2.1027612e-01
  -3.7491579e-02   2.1364420e-01
  -4.4989892e-02   2.1707433e-01
  -5.2488204e-02   2.2057217e-01
  -5.9986517e-02   2.2414362e-01
  -6.7484830e-02   2.2779489e-01
  -7.4983142e-02   2.3153250e-01
  -8.2481455e-02   2.3536330e-01
  -8.9979768e-02   2.3929457e-01
  -9.7478080e-02   2.4333401e-01
  -1.0497639e-01   2.4748980e-01
  -1.1247471e-01   2.5177070e-01
  -1.1997302e-01   2.5618603e-01
  -1.2747133e-01   2.6074581e-01
  -1.3496964e-01   2.6546080e-01
  -1.4246796e-01   2.7034259e-01
  -1.4996627e-01   2.7540369e-01
  -1.5746458e-01   2.8065765e-01
  -1.6496289e-01   2.8611920e-01
  -1.7246121e-01   2.9180434e-01
  -1.7995952e-01   2.9773055e-01
  -1.8745783e-01   3.0391695e-01
  -1.9495614e-01   3.1038449e-01
  -2.0245446e-01   3.1715626e-01
  -2.0995277e-01   3.2425770e-01
  -2.1745108e-01   3.3171698e-01
  -2.2494939e-01   3.3956535e-01
  -2.3244771e-01   3.4783765e-01
  -2.3994602e-01   3.5657277e-01
  -2.4744433e-01   3.6581438e-01
  -2.5494265e-01   3.7561162e-01
  -2.6244096e-01   3.8602008e-01
  -2.6993927e-01   3.9710293e-01
  -2.7743758e-01   4.0893226e-01
  -2.8493590e-01   4.2159085e-01
  -2.9243421e-01   4.3517431e-01
  -2.9993252e-01   4.4979376e-01
  -3.0743083e-01   4.6557930e-01
  -3.1492915e-01   4.8268443e-01
  -3.2242746e-01   5.0129171e-01
  -3.2992577e-01   5.2162009e-01
  -3.3742408e-01   5.4393429e-01
  -3.4492240e-01   5.6855679e-01
  -3.5242071e-01   5.9588278e-01
  -3.5991902e-01   6.2639877e-01
  -3.6741734e-01   6.6070501e-01
  -3.7491565e-01   6.9954228e-01
  -3.8241396e-01   7.4382448e-01
  -3.8991227e-01   7.9467823e-01
  -3.9740442e-01   8.5342270e-01
  -4.0485372e-01   9.2134717e-01
  -4.1219438e-01   9.9959045e-01
  -4.1935860e-01   1.0892844e+00
  -4.2628514e-01   1.1917055e+00
  -4.3292123e-01   1.3084664e+00
  -4.3922384e-01   1.4417391e+00
  -4.4516030e-01   1.5944446e+00
  -4.5070838e-01   1.7703647e+00
  -4.5585574e-01   1.9741784e+00
  -4.6059905e-01   2.2114571e+00
  -4.6494277e-01   2.4886647e+00
  -4.6889784e-01   2.8131979e+00
  -4.7248026e-01   3.1934939e+00
  -4.7570984e-01   3.6392233e+00
  -4.7860893e-01   4.1615795e+00
  -4.8120137e-01   4.7736659e+00
  -4.8351168e-01   5.4909729e+00
  -4.8556427e-01   6.3319282e+00
  -4.8738293e-01   7.3184971e+00
  -4.8899045e-01   8.4767926e+00
  -4.9040832e-01   9.8376092e+00
  -4.9165656e-01   1.1436682e+01
  -4.9275365e-01   1.3314258e+01
  -4.9371649e-01   1.5513202e+01
  -4.9456043e-01   1.8074275e+01
  -4.9529932e-01   2.1026588e+01
  -4.9594561e-01   2.4370720e+01
  -4.9651042e-01   2.8052265e+01
  -4.9700365e-01   3.1925417e+01
  -4.9743408e-01   3.5710052e+01
  -4.9780951e-01   3.8950401e+01
  -4.9813679e-01   4.0985667e+01
  -4.9842197e-01   4.0938045e+01
  -4.9867038e-01   3.7709169e+01
  -4.9888669e-01   2.9954483e+01
  -4.9907499e-01   1.5981065e+01
  -4.9923887e-01  -6.5144481e+00
  -4.9938146e-01  -4.1005755e+01
  -4.9950550e-01  -9.3268843e+01
  -4.9961340e-01  -1.7372709e+02
  -4.9970723e-01  -3.0273725e+02
  -4.9978883e-01  -5.2433088e+02
  -4.9985977e-01  -9.5073006e+02
  -4.9992145e-01  -1.9703798e+03
  -4.9997507e-01  -6.4834261e+03
