   4.9997507e-01   4.5473560e+00
   4.9992145e-01   3.2061793e+00
   4.9985977e-01   2.8269445e+00
   4.9978883e-01   2.5578489e+00
   4.9970723e-01   2.3546306e+00
   4.9961340e-01   2.1906180e+00
   4.9950550e-01   2.0506233e+00
   4.9938146e-01   1.9260438e+00
   4.9923887e-01   1.8119121e+00
   4.9907499e-01   1.7051895e+00
   4.9888669e-01   1.6038529e+00
   4.9867038e-01   1.5064393e+00
   4.9842197e-01   1.4118237e+00
   4.9813678e-01   1.3191072e+00
   4.9780950e-01   1.2275592e+00
   4.9743408e-01   1.1365907e+00
   4.9700364e-01   1.0457483e+00
   4.9651041e-01   9.5472407e-01
   4.9594561e-01   8.6337602e-01
   4.9529932e-01   7.7175388e-01
   4.9456042e-01   6.8012405e-01
   4.9371648e-01   5.8898477e-01
   4.9275364e-01   4.9906329e-01
   4.9165655e-01   4.1128747e-01
   4.9040831e-01   3.2672896e-01
   4.8899044e-01   2.4652077e-01
   4.8738291e-01   1.7175945e-01
   4.8556425e-01   1.0340726e-01
   4.8351166e-01   4.2211272e-02
   4.8120136e-01  -1.1347474e-02
   4.7860891e-01  -5.7069129e-02
   4.7570982e-01  -9.5017561e-02
   4.7248024e-01  -1.2547989e-01
   4.6889781e-01  -1.4891510e-01
   4.6494275e-01  -1.6590244e-01
   4.6059902e-01  -1.7709643e-01
   4.5585571e-01  -1.8319151e-01
   4.5070835e-01  -1.8489516e-01
   4.4516027e-01  -1.8290877e-01
   4.3922381e-01  -1.7791038e-01
   4.3292120e-01  -1.7054481e-01
   4.2628511e-01  -1.6140430e-01
   4.1935856e-01  -1.5103314e-01
   4.1219434e-01  -1.3988973e-01
   4.0485369e-01  -1.2839721e-01
   3.9740439e-01  -1.1682888e-01
   3.8991224e-01  -1.0549348e-01
   3.8241393e-01  -9.4591315e-02
   3.7491562e-01  -8.4134014e-02
   3.6741730e-01  -7.4122592e-02
   3.5991899e-01  -6.4556577e-02
   3.5242068e-01  -5.5427342e-02
   3.4492237e-01  -4.6720431e-02
   3.3742405e-01  -3.8417644e-02
   3.2992574e-01  -3.0498603e-02
   3.2242743e-01  -2.2941865e-02
   3.1492911e-01  -1.5725701e-02
   3.0743080e-01  -8.8286145e-03
   2.9993249e-01  -2.2296948e-03
   2.9243418e-01   4.0911679e-03
   2.8493586e-01   1.0153151e-02
   2.7743755e-01   1.5974435e-02
   2.6993924e-01   2.1572178e-02
   2.6244093e-01   2.6962525e-02
   2.5494261e-01   3.2160634e-02
   2.4744430e-01   3.7180716e-02
   2.3994599e-01   4.2036084e-02
   2.3244768e-01   4.6739203e-02
   2.2494936e-01   5.1301748e-02
   2.1745105e-01   5.5734652e-02
   2.0995274e-01   6.0048166e-02
   2.0245443e-01   6.4251905e-02
   1.9495611e-01   6.8354899e-02
   1.8745780e-01   7.2365642e-02
   1.7995949e-01   7.6292131e-02
   1.7246117e-01   8.0141913e-02
   1.6496286e-01   8.3922118e-02
   1.5746455e-01   8.7639500e-02
   1.4996624e-01   9.1300469e-02
   1.4246792e-01   9.4911122e-02
   1.3496961e-01   9.8477274e-02
   1.2747130e-01   1.0200449e-01
   1.1997299e-01   1.0549809e-01
   1.1247467e-01   1.0896321e-01
   1.0497636e-01   1.1240480e-01
   9.7478048e-02   1.1582765e-01
   8.9979736e-02   1.1923641e-01
   8.2481423e-02   1.2263561e-01
   7.4983110e-02   1.2602969e-01
   6.7484798e-02   1.2942301e-01
   5.9986485e-02   1.3281985e-01
   5.2488173e-02   1.3622448e-01
   4.4989860e-02   1.3964112e-01
   3.7491547e-02   1.4307398e-01
   2.9993235e-02   1.4652728e-01
   2.2494922e-02   1.5000528e-01
   1.4996609e-02   1.5351226e-01
   7.4982967e-03   1.5705258e-01
  -1.5895382e-08   1.6063066e-01
  -7.4983285e-03   1.6425104e-01
  -1.4996641e-02   1.6791836e-01
  -2.2494954e-02   1.7163741e-01
  -2.9993266e-02   1.7541314e-01
  -3.7491579e-02   1.7925067e-01
  -4.4989892e-02   1.8315534e-01
  -5.2488204e-02   1.8713273e-01
  -5.9986517e-02   1.9118868e-01
  -6.7484830e-02   1.9532933e-01
  -7.4983142e-02   1.9956113e-01
  -8.2481455e-02   2.0389093e-01
  -8.9979768e-02   2.0832596e-01
  -9.7478080e-02   2.1287391e-01
  -1.0497639e-01   2.1754300e-01
  -1.1247471e-01   2.2234196e-01
  -1.1997302e-01   2.2728017e-01
  -1.2747133e-01   2.3236770e-01
  -1.3496964e-01   2.3761537e-01
  -1.4246796e-01   2.4303486e-01
  -1.4996627e-01   2.4863879e-01
  -1.5746458e-01   2.5444084e-01
  -1.6496289e-01   2.6045586e-01
  -1.7246121e-01   2.6670005e-01
  -1.7995952e-01   2.7319106e-01
  -1.8745783e-01   2.7994823e-01
  -1.9495614e-01   2.8699276e-01
  -2.0245446e-01   2.9434799e-01
  -2.0995277e-01   3.0203965e-01
  -2.1745108e-01   3.1009622e-01
  -2.2494939e-01   3.1854926e-01
  -2.3244771e-01   3.2743395e-01
  -2.3994602e-01   3.3678951e-01
  -2.4744433e-01   3.4665991e-01
  -2.5494265e-01   3.5709456e-01
  -2.6244096e-01   3.6814925e-01
  -2.6993927e-01   3.7988715e-01
  -2.7743758e-01   3.9238019e-01
  -2.8493590e-01   4.0571059e-01
  -2.9243421e-01   4.1997282e-01
  -2.9993252e-01   4.3527604e-01
  -3.0743083e-01   4.5174711e-01
  -3.1492915e-01   4.6953444e-01
  -3.2242746e-01   4.8881286e-01
  -3.2992577e-01   5.0978996e-01
  -3.3742408e-01   5.3271426e-01
  -3.4492240e-01   5.5788602e-01
  -3.5242071e-01   5.8567141e-01
  -3.5991902e-01   6.1652148e-01
  -3.6741734e-01   6.5099737e-01
  -3.7491565e-01   6.8980409e-01
  -3.8241396e-01   7.3383686e-01
  -3.8991227e-01   7.8424104e-01
  -3.9740442e-01   8.4242601e-01
  -4.0485372e-01   9.0993154e-01
  -4.1219438e-01   9.8825698e-01
  -4.1935860e-01   1.0789678e+00
  -4.2628514e-01   1.1837275e+00
  -4.3292123e-01   1.3043288e+00
  -4.3922384e-01   1.4428043e+00
  -4.4516030e-01   1.6016123e+00
  -4.5070838e-01   1.7838589e+00
  -4.5585574e-01   1.9935040e+00
  -4.6059905e-01   2.2355153e+00
  -4.6494277e-01   2.5159710e+00
  -4.6889784e-01   2.8421390e+00
  -4.7248026e-01   3.2225662e+00
  -4.7570984e-01   3.6672140e+00
  -4.7860893e-01   4.1876646e+00
  -4.8120137e-01   4.7974251e+00
  -4.8351168e-01   5.5123454e+00
  -4.8556427e-01   6.3511661e+00
  -4.8738293e-01   7.3362019e+00
  -4.8899045e-01   8.4941595e+00
  -4.9040832e-01   9.8570725e+00
  -4.9165656e-01   1.1463298e+01
  -4.9275365e-01   1.3358429e+01
  -4.9371649e-01   1.5595789e+01
  -4.9456043e-01   1.8235813e+01
  -4.9529932e-01   2.1343062e+01
  -4.9594561e-01   2.4978765e+01
  -4.9651042e-01   2.9185975e+01
  -4.9700365e-01   3.3963999e+01
  -4.9743408e-01   3.9229791e+01
  -4.9780951e-01   4.4767398e+01
  -4.9813679e-01   5.0172175e+01
  -4.9842197e-01   5.4801752e+01
  -4.9867038e-01   5.7745062e+01
  -4.9888669e-01   5.7808253e+01
  -4.9907499e-01   5.3490694e+01
  -4.9923887e-01   4.2888883e+01
  -4.9938146e-01   2.3417848e+01
  -4.9950550e-01  -8.8545125e+00
  -4.9961340e-01  -6.0717289e+01
  -4.9970723e-01  -1.4539214e+02
  -4.9978883e-01  -2.9203094e+02
  -4.9985977e-01  -5.7638337e+02
  -4.9992145e-01  -1.2634142e+03
  -4.9997507e-01  -5.5570449e+03
