   4.9997507e-01   2.0223579e+00
   4.9992145e-01   1.5897814e+00
   4.9985977e-01   1.3741196e+00
   4.9978883e-01   1.2393795e+00
   4.9970723e-01   1.1413126e+00
   4.9961340e-01   1.0631213e+00
   4.9950550e-01   9.9722423e-01
   4.9938146e-01   9.3964258e-01
   4.9923887e-01   8.8803550e-01
   4.9907499e-01   8.4090734e-01
   4.9888669e-01   7.9724266e-01
   4.9867038e-01   7.5631907e-01
   4.9842197e-01   7.1760299e-01
   4.9813678e-01   6.8068773e-01
   4.9780950e-01   6.4525485e-01
   4.9743408e-01   6.1104909e-01
   4.9700364e-01   5.7786150e-01
   4.9651041e-01   5.4551788e-01
   4.9594561e-01   5.1387066e-01
   4.9529932e-01   4.8279326e-01
   4.9456042e-01   4.5217628e-01
   4.9371648e-01   4.2192520e-01
   4.9275364e-01   3.9195935e-01
   4.9165655e-01   3.6221228e-01
   4.9040831e-01   3.3263336e-01
   4.8899044e-01   3.0319070e-01
   4.8738291e-01   2.7387521e-01
   4.8556425e-01   2.4470545e-01
   4.8351166e-01   2.1573278e-01
   4.8120136e-01   1.8704573e-01
   4.7860891e-01   1.5877274e-01
   4.7570982e-01   1.3108194e-01
   4.7248024e-01   1.0417704e-01
   4.6889781e-01   7.8288833e-02
   4.6494275e-01   5.3662599e-02
   4.6059902e-01   3.0542293e-02
   4.5585571e-01   9.1534084e-03
   4.5070835e-01  -1.0313417e-02
   4.4516027e-01  -2.7715987e-02
   4.3922381e-01  -4.2969756e-02
   4.3292120e-01  -5.6051867e-02
   4.2628511e-01  -6.7000006e-02
   4.1935856e-01  -7.5906707e-02
   4.1219434e-01  -8.2909961e-02
   4.0485369e-01  -8.8179842e-02
   3.9740439e-01  -9.1908462e-02
   3.8991224e-01  -9.4331714e-02
   3.8241393e-01  -9.5685204e-02
   3.7491562e-01  -9.6148231e-02
   3.6741730e-01  -9.5868805e-02
   3.5991899e-01  -9.4970987e-02
   3.5242068e-01  -9.3557560e-02
   3.4492237e-01  -9.1713933e-02
   3.3742405e-01  -8.9511365e-02
   3.2992574e-01  -8.7009541e-02
   3.2242743e-01  -8.4258619e-02
   3.1492911e-01  -8.1300867e-02
   3.0743080e-01  -7.8171975e-02
   2.9993249e-01  -7.4902128e-02
   2.9243418e-01  -7.1516873e-02
   2.8493586e-01  -6.8037838e-02
   2.7743755e-01  -6.4483328e-02
   2.6993924e-01  -6.0868809e-02
   2.6244093e-01  -5.7207333e-02
   2.5494261e-01  -5.3509874e-02
   2.4744430e-01  -4.9785625e-02
   2.3994599e-01  -4.6042247e-02
   2.3244768e-01  -4.2286074e-02
   2.2494936e-01  -3.8522298e-02
   2.1745105e-01  -3.4755118e-02
   2.0995274e-01  -3.0987870e-02
   2.0245443e-01  -2.7223144e-02
   1.9495611e-01  -2.3462876e-02
   1.8745780e-01  -1.9708429e-02
   1.7995949e-01  -1.5960672e-02
   1.7246117e-01  -1.2220033e-02
   1.6496286e-01  -8.4865534e-03
   1.5746455e-01  -4.7599365e-03
   1.4996624e-01  -1.0395827e-03
   1.4246792e-01   2.6753768e-03
   1.3496961e-01   6.3860511e-03
   1.2747130e-01   1.0093767e-02
   1.1997299e-01   1.3800048e-02
   1.1247467e-01   1.7506597e-02
   1.0497636e-01   2.1215287e-02
   9.7478048e-02   2.4928144e-02
   8.9979736e-02   2.8647343e-02
   8.2481423e-02   3.2375197e-02
   7.4983110e-02   3.6114159e-02
   6.7484798e-02   3.9866816e-02
   5.9986485e-02   4.3635884e-02
   5.2488173e-02   4.7424219e-02
   4.4989860e-02   5.1234808e-02
   3.7491547e-02   5.5070782e-02
   2.9993235e-02   5.8935416e-02
   2.2494922e-02   6.2832139e-02
   1.4996609e-02   6.6764541e-02
   7.4982967e-03   7.0736382e-02
  -1.5895382e-08   7.4751606e-02
  -7.4983285e-03   7.8814356e-02
  -1.4996641e-02   8.2928983e-02
  -2.2494954e-02   8.7100072e-02
  -2.9993266e-02   9.1332455e-02
  -3.7491579e-02   9.5631236e-02
  -4.4989892e-02   1.0000182e-01
  -5.2488204e-02   1.0444993e-01
  -5.9986517e-02   1.0898165e-01
  -6.7484830e-02   1.1360345e-01
  -7.4983142e-02   1.1832226e-01
  -8.2481455e-02   1.2314546e-01
  -8.9979768e-02   1.2808097e-01
  -9.7478080e-02   1.3313730e-01
  -1.0497639e-01   1.3832361e-01
  -1.1247471e-01   1.4364982e-01
  -1.1997302e-01   1.4912664e-01
  -1.2747133e-01   1.5476571e-01
  -1.3496964e-01   1.6057970e-01
  -1.4246796e-01   1.6658246e-01
  -1.4996627e-01   1.7278913e-01
  -1.5746458e-01   1.7921635e-01
  -1.6496289e-01   1.8588244e-01
  -1.7246121e-01   1.9280764e-01
  -1.7995952e-01   2.0001431e-01
  -1.8745783e-01   2.0752729e-01
  -1.9495614e-01   2.1537419e-01
  -2.0245446e-01   2.2358575e-01
  -2.0995277e-01   2.3219622e-01
  -2.1745108e-01   2.4124386e-01
  -2.2494939e-01   2.5077136e-01
  -2.3244771e-01   2.6082641e-01
  -2.3994602e-01   2.7146219e-01
  -2.4744433e-01   2.8273801e-01
  -2.5494265e-01   2.9471989e-01
  -2.6244096e-01   3.0748122e-01
  -2.6993927e-01   3.2110344e-01
  -2.7743758e-01   3.3567678e-01
  -2.8493590e-01   3.5130112e-01
  -2.9243421e-01   3.6808701e-01
  -2.9993252e-01   3.8615694e-01
  -3.0743083e-01   4.0564705e-01
  -3.1492915e-01   4.2670949e-01
  -3.2242746e-01   4.4951574e-01
  -3.2992577e-01   4.7426129e-01
  -3.3742408e-01   5.0117236e-01
  -3.4492240e-01   5.3051536e-01
  -3.5242071e-01   5.6261018e-01
  -3.5991902e-01   5.9784893e-01
  -3.6741734e-01   6.3672220e-01
  -3.7491565e-01   6.7985600e-01
  -3.8241396e-01   7.2806393e-01
  -3.8991227e-01   7.8241179e-01
  -3.9740442e-01   8.4423154e-01
  -4.0485372e-01   9.1500725e-01
  -4.1219438e-01   9.9636452e-01
  -4.1935860e-01   1.0902227e+00
  -4.2628514e-01   1.1988821e+00
  -4.3292123e-01   1.3250698e+00
  -4.3922384e-01   1.4719808e+00
  -4.4516030e-01   1.6433235e+00
  -4.5070838e-01   1.8433736e+00
  -4.5585574e-01   2.0770390e+00
  -4.6059905e-01   2.3499328e+00
  -4.6494277e-01   2.6684389e+00
  -4.6889784e-01   3.0397406e+00
  -4.7248026e-01   3.4717554e+00
  -4.7570984e-01   3.9728829e+00
  -4.7860893e-01   4.5514262e+00
  -4.8120137e-01   5.2144921e+00
  -4.8351168e-01   5.9661345e+00
  -4.8556427e-01   6.8045180e+00
  -4.8738293e-01   7.7179772e+00
  -4.8899045e-01   8.6801016e+00
  -4.9040832e-01   9.6443476e+00
  -4.9165656e-01   1.0539092e+01
  -4.9275365e-01   1.1264264e+01
  -4.9371649e-01   1.1690494e+01
  -4.9456043e-01   1.1660953e+01
  -4.9529932e-01   1.0994917e+01
  -4.9594561e-01   9.4909491e+00
  -4.9651042e-01   6.9269513e+00
  -4.9700365e-01   3.0544222e+00
  -4.9743408e-01  -2.4152834e+00
  -4.9780951e-01  -9.8345134e+00
  -4.9813679e-01  -1.9655022e+01
  -4.9842197e-01  -3.2480095e+01
  -4.9867038e-01  -4.9141574e+01
  -4.9888669e-01  -7.0818140e+01
  -4.9907499e-01  -9.9226308e+01
  -4.9923887e-01  -1.3694629e+02
  -4.9938146e-01  -1.8801242e+02
  -4.9950550e-01  -2.5906024e+02
  -4.9961340e-01  -3.6175472e+02
  -4.9970723e-01  -5.1853786e+02
  -4.9978883e-01  -7.7846320e+02
  -4.9985977e-01  -1.2713396e+03
  -4.9992145e-01  -2.4654586e+03
  -4.9997507e-01  -7.4785340e+03
