   4.9997507e-01   3.6086074e+00
   4.9992145e-01   2.6756541e+00
   4.9985977e-01   2.4203267e+00
   4.9978883e-01   2.2253188e+00
   4.9970723e-01   2.0669827e+00
   4.9961340e-01   1.9318552e+00
   4.9950550e-01   1.8124741e+00
   4.9938146e-01   1.7042931e+00
   4.9923887e-01   1.6043254e+00
   4.9907499e-01   1.5104870e+00
   4.9888669e-01   1.4212501e+00
   4.9867038e-01   1.3354455e+00
   4.9842197e-01   1.2521458e+00
   4.9813678e-01   1.1705936e+00
   4.9780950e-01   1.0901590e+00
   4.9743408e-01   1.0103157e+00
   4.9700364e-01   9.3063303e-01
   4.9651041e-01   8.5077942e-01
   4.9594561e-01   7.7053623e-01
   4.9529932e-01   6.8981873e-01
   4.9456042e-01   6.0870098e-01
   4.9371648e-01   5.2743906e-01
   4.9275364e-01   4.4648605e-01
   4.9165655e-01   3.6649137e-01
   4.9040831e-01   2.8827841e-01
   4.8899044e-01   2.1279759e-01
   4.8738291e-01   1.4105703e-01
   4.8556425e-01   7.4039271e-02
   4.8351166e-01   1.2616832e-02
   4.8120136e-01  -4.2519014e-02
   4.7860891e-01  -9.0904818e-02
   4.7570982e-01  -1.3232170e-01
   4.7248024e-01  -1.6678434e-01
   4.6889781e-01  -1.9450981e-01
   4.6494275e-01  -2.1587613e-01
   4.6059902e-01  -2.3137943e-01
   4.5585571e-01  -2.4159536e-01
   4.5070835e-01  -2.4714707e-01
   4.4516027e-01  -2.4867989e-01
   4.3922381e-01  -2.4683994e-01
   4.3292120e-01  -2.4225815e-01
   4.2628511e-01  -2.3553086e-01
   4.1935856e-01  -2.2721501e-01
   4.1219434e-01  -2.1779765e-01
   4.0485369e-01  -2.0772784e-01
   3.9740439e-01  -1.9731828e-01
   3.8991224e-01  -1.8691484e-01
   3.8241393e-01  -1.7675469e-01
   3.7491562e-01  -1.6688482e-01
   3.6741730e-01  -1.5733518e-01
   3.5991899e-01  -1.4812860e-01
   3.5242068e-01  -1.3927533e-01
   3.4492237e-01  -1.3077633e-01
   3.3742405e-01  -1.2262601e-01
   3.2992574e-01  -1.1481433e-01
   3.2242743e-01  -1.0732836e-01
   3.1492911e-01  -1.0015337e-01
   3.0743080e-01  -9.3273650e-02
   2.9993249e-01  -8.6673057e-02
   2.9243418e-01  -8.0335428e-02
   2.8493586e-01  -7.4244845e-02
   2.7743755e-01  -6.8385827e-02
   2.6993924e-01  -6.2743444e-02
   2.6244093e-01  -5.7303391e-02
   2.5494261e-01  -5.2052028e-02
   2.4744430e-01  -4.6976391e-02
   2.3994599e-01  -4.2064193e-02
   2.3244768e-01  -3.7303802e-02
   2.2494936e-01  -3.2684226e-02
   2.1745105e-01  -2.8195076e-02
   2.0995274e-01  -2.3826542e-02
   2.0245443e-01  -1.9569350e-02
   1.9495611e-01  -1.5414739e-02
   1.8745780e-01  -1.1354417e-02
   1.7995949e-01  -7.3805313e-03
   1.7246117e-01  -3.4856382e-03
   1.6496286e-01   3.3733265e-04
   1.5746455e-01   4.0951059e-03
   1.4996624e-01   7.7940901e-03
   1.4246792e-01   1.1440405e-02
   1.3496961e-01   1.5039906e-02
   1.2747130e-01   1.8598213e-02
   1.1997299e-01   2.2120728e-02
   1.1247467e-01   2.5612665e-02
   1.0497636e-01   2.9079064e-02
   9.7478048e-02   3.2524816e-02
   8.9979736e-02   3.5954680e-02
   8.2481423e-02   3.9373306e-02
   7.4983110e-02   4.2785249e-02
   6.7484798e-02   4.6194990e-02
   5.9986485e-02   4.9606950e-02
   5.2488173e-02   5.3025511e-02
   4.4989860e-02   5.6455030e-02
   3.7491547e-02   5.9899858e-02
   2.9993235e-02   6.3364357e-02
   2.2494922e-02   6.6852915e-02
   1.4996609e-02   7.0369965e-02
   7.4982967e-03   7.3920003e-02
  -1.5895382e-08   7.7507606e-02
  -7.4983285e-03   8.1137450e-02
  -1.4996641e-02   8.4814333e-02
  -2.2494954e-02   8.8543193e-02
  -2.9993266e-02   9.2329131e-02
  -3.7491579e-02   9.6177435e-02
  -4.4989892e-02   1.0009361e-01
  -5.2488204e-02   1.0408338e-01
  -5.9986517e-02   1.0815277e-01
  -6.7484830e-02   1.1230809e-01
  -7.4983142e-02   1.1655596e-01
  -8.2481455e-02   1.2090342e-01
  -8.9979768e-02   1.2535788e-01
  -9.7478080e-02   1.2992725e-01
  -1.0497639e-01   1.3461990e-01
  -1.1247471e-01   1.3944482e-01
  -1.1997302e-01   1.4441158e-01
  -1.2747133e-01   1.4953050e-01
  -1.3496964e-01   1.5481262e-01
  -1.4246796e-01   1.6026989e-01
  -1.4996627e-01   1.6591520e-01
  -1.5746458e-01   1.7176252e-01
  -1.6496289e-01   1.7782701e-01
  -1.7246121e-01   1.8412520e-01
  -1.7995952e-01   1.9067512e-01
  -1.8745783e-01   1.9749648e-01
  -1.9495614e-01   2.0461094e-01
  -2.0245446e-01   2.1204231e-01
  -2.0995277e-01   2.1981687e-01
  -2.1745108e-01   2.2796371e-01
  -2.2494939e-01   2.3651510e-01
  -2.3244771e-01   2.4550701e-01
  -2.3994602e-01   2.5497962e-01
  -2.4744433e-01   2.6497800e-01
  -2.5494265e-01   2.7555290e-01
  -2.6244096e-01   2.8676172e-01
  -2.6993927e-01   2.9866960e-01
  -2.7743758e-01   3.1135090e-01
  -2.8493590e-01   3.2489087e-01
  -2.9243421e-01   3.3938776e-01
  -2.9993252e-01   3.5495546e-01
  -3.0743083e-01   3.7172673e-01
  -3.1492915e-01   3.8985728e-01
  -3.2242746e-01   4.0953085e-01
  -3.2992577e-01   4.3096561e-01
  -3.3742408e-01   4.5442221e-01
  -3.4492240e-01   4.8021398e-01
  -3.5242071e-01   5.0871986e-01
  -3.5991902e-01   5.4040076e-01
  -3.6741734e-01   5.7582082e-01
  -3.7491565e-01   6.1567499e-01
  -3.8241396e-01   6.6082716e-01
  -3.8991227e-01   7.1235936e-01
  -3.9740442e-01   7.7156796e-01
  -4.0485372e-01   8.3982234e-01
  -4.1219438e-01   9.1842919e-01
  -4.1935860e-01   1.0087971e+00
  -4.2628514e-01   1.1125450e+00
  -4.3292123e-01   1.2315974e+00
  -4.3922384e-01   1.3683063e+00
  -4.4516030e-01   1.5255797e+00
  -4.5070838e-01   1.7069994e+00
  -4.5585574e-01   1.9169187e+00
  -4.6059905e-01   2.1605475e+00
  -4.6494277e-01   2.4440373e+00
  -4.6889784e-01   2.7745849e+00
  -4.7248026e-01   3.1605740e+00
  -4.7570984e-01   3.6117714e+00
  -4.7860893e-01   4.1395968e+00
  -4.8120137e-01   4.7574781e+00
  -4.8351168e-01   5.4813044e+00
  -4.8556427e-01   6.3299818e+00
  -4.8738293e-01   7.3260927e+00
  -4.8899045e-01   8.4966493e+00
  -4.9040832e-01   9.8739049e+00
  -4.9165656e-01   1.1496124e+01
  -4.9275365e-01   1.3408084e+01
  -4.9371649e-01   1.5660829e+01
  -4.9456043e-01   1.8309804e+01
  -4.9529932e-01   2.1409915e+01
  -4.9594561e-01   2.5005401e+01
  -4.9651042e-01   2.9111996e+01
  -4.9700365e-01   3.3689242e+01
  -4.9743408e-01   3.8602750e+01
  -4.9780951e-01   4.3579890e+01
  -4.9813679e-01   4.8166735e+01
  -4.9842197e-01   5.1695827e+01
  -4.9867038e-01   5.3269412e+01
  -4.9888669e-01   5.1748845e+01
  -4.9907499e-01   4.5719579e+01
  -4.9923887e-01   3.3375191e+01
  -4.9938146e-01   1.2227309e+01
  -4.9950550e-01  -2.1531354e+01
  -4.9961340e-01  -7.4407504e+01
  -4.9970723e-01  -1.5882560e+02
  -4.9978883e-01  -3.0176712e+02
  -4.9985977e-01  -5.7345789e+02
  -4.9992145e-01  -1.2290589e+03
  -4.9997507e-01  -5.0155470e+03
