   4.9997507e-01   4.1917370e+00
   4.9992145e-01   3.2356708e+00
   4.9985977e-01   2.7829245e+00
   4.9978883e-01   2.4959015e+00
   4.9970723e-01   2.2832401e+00
   4.9961340e-01   2.1110621e+00
   4.9950550e-01   1.9637210e+00
   4.9938146e-01   1.8328583e+00
   4.9923887e-01   1.7134705e+00
   4.9907499e-01   1.6022941e+00
   4.9888669e-01   1.4970555e+00
   4.9867038e-01   1.3960862e+00
   4.9842197e-01   1.2981119e+00
   4.9813678e-01   1.2021329e+00
   4.9780950e-01   1.1073579e+00
   4.9743408e-01   1.0131730e+00
   4.9700364e-01   9.1913324e-01
   4.9651041e-01   8.2497216e-01
   4.9594561e-01   7.3062119e-01
   4.9529932e-01   6.3623271e-01
   4.9456042e-01   5.4219839e-01
   4.9371648e-01   4.4915323e-01
   4.9275364e-01   3.5795697e-01
   4.9165655e-01   2.6964697e-01
   4.9040831e-01   1.8536275e-01
   4.8899044e-01   1.0624931e-01
   4.8738291e-01   3.3353174e-02
   4.8556425e-01  -3.2471025e-02
   4.8351166e-01  -9.0627514e-02
   4.8120136e-01  -1.4080998e-01
   4.7860891e-01  -1.8299528e-01
   4.7570982e-01  -2.1740794e-01
   4.7248024e-01  -2.4446771e-01
   4.6889781e-01  -2.6473274e-01
   4.6494275e-01  -2.7884792e-01
   4.6059902e-01  -2.8750325e-01
   4.5585571e-01  -2.9140354e-01
   4.5070835e-01  -2.9124690e-01
   4.4516027e-01  -2.8771127e-01
   4.3922381e-01  -2.8144121e-01
   4.3292120e-01  -2.7304374e-01
   4.2628511e-01  -2.6307003e-01
   4.1935856e-01  -2.5202731e-01
   4.1219434e-01  -2.4033641e-01
   4.0485369e-01  -2.2839310e-01
   3.9740439e-01  -2.1644471e-01
   3.8991224e-01  -2.0477930e-01
   3.8241393e-01  -1.9357902e-01
   3.7491562e-01  -1.8284597e-01
   3.6741730e-01  -1.7257366e-01
   3.5991899e-01  -1.6275588e-01
   3.5242068e-01  -1.5338009e-01
   3.4492237e-01  -1.4442914e-01
   3.3742405e-01  -1.3588308e-01
   3.2992574e-01  -1.2772045e-01
   3.2242743e-01  -1.1991914e-01
   3.1492911e-01  -1.1245710e-01
   3.0743080e-01  -1.0531272e-01
   2.9993249e-01  -9.8465129e-02
   2.9243418e-01  -9.1894343e-02
   2.8493586e-01  -8.5581363e-02
   2.7743755e-01  -7.9508216e-02
   2.6993924e-01  -7.3657961e-02
   2.6244093e-01  -6.8014665e-02
   2.5494261e-01  -6.2563366e-02
   2.4744430e-01  -5.7290034e-02
   2.3994599e-01  -5.2181512e-02
   2.3244768e-01  -4.7225465e-02
   2.2494936e-01  -4.2410329e-02
   2.1745105e-01  -3.7725250e-02
   2.0995274e-01  -3.3160037e-02
   2.0245443e-01  -2.8705108e-02
   1.9495611e-01  -2.4351445e-02
   1.8745780e-01  -2.0090549e-02
   1.7995949e-01  -1.5914393e-02
   1.7246117e-01  -1.1815388e-02
   1.6496286e-01  -7.7863424e-03
   1.5746455e-01  -3.8204287e-03
   1.4996624e-01   8.8850539e-05
   1.4246792e-01   3.9476920e-03
   1.3496961e-01   7.7620202e-03
   1.2747130e-01   1.1537515e-02
   1.1997299e-01   1.5279634e-02
   1.1247467e-01   1.8993641e-02
   1.0497636e-01   2.2684622e-02
   9.7478048e-02   2.6357513e-02
   8.9979736e-02   3.0017114e-02
   8.2481423e-02   3.3668113e-02
   7.4983110e-02   3.7315101e-02
   6.7484798e-02   4.0962592e-02
   5.9986485e-02   4.4615040e-02
   5.2488173e-02   4.8276856e-02
   4.4989860e-02   5.1952425e-02
   3.7491547e-02   5.5646122e-02
   2.9993235e-02   5.9362330e-02
   2.2494922e-02   6.3105454e-02
   1.4996609e-02   6.6879944e-02
   7.4982967e-03   7.0690305e-02
  -1.5895382e-08   7.4541122e-02
  -7.4983285e-03   7.8437073e-02
  -1.4996641e-02   8.2382952e-02
  -2.2494954e-02   8.6383691e-02
  -2.9993266e-02   9.0444376e-02
  -3.7491579e-02   9.4570277e-02
  -4.4989892e-02   9.8766865e-02
  -5.2488204e-02   1.0303985e-01
  -5.9986517e-02   1.0739519e-01
  -6.7484830e-02   1.1183916e-01
  -7.4983142e-02   1.1637832e-01
  -8.2481455e-02   1.2101964e-01
  -8.9979768e-02   1.2577046e-01
  -9.7478080e-02   1.3063857e-01
  -1.0497639e-01   1.3563229e-01
  -1.1247471e-01   1.4076045e-01
  -1.1997302e-01   1.4603253e-01
  -1.2747133e-01   1.5145866e-01
  -1.3496964e-01   1.5704977e-01
  -1.4246796e-01   1.6281759e-01
  -1.4996627e-01   1.6877482e-01
  -1.5746458e-01   1.7493520e-01
  -1.6496289e-01   1.8131366e-01
  -1.7246121e-01   1.8792642e-01
  -1.7995952e-01   1.9479120e-01
  -1.8745783e-01   2.0192735e-01
  -1.9495614e-01   2.0935612e-01
  -2.0245446e-01   2.1710085e-01
  -2.0995277e-01   2.2518729e-01
  -2.1745108e-01   2.3364391e-01
  -2.2494939e-01   2.4250226e-01
  -2.3244771e-01   2.5179745e-01
  -2.3994602e-01   2.6156867e-01
  -2.4744433e-01   2.7185977e-01
  -2.5494265e-01   2.8272006e-01
  -2.6244096e-01   2.9420513e-01
  -2.6993927e-01   3.0637793e-01
  -2.7743758e-01   3.1931006e-01
  -2.8493590e-01   3.3308332e-01
  -2.9243421e-01   3.4779159e-01
  -2.9993252e-01   3.6354323e-01
  -3.0743083e-01   3.8046402e-01
  -3.1492915e-01   3.9870087e-01
  -3.2242746e-01   4.1842657e-01
  -3.2992577e-01   4.3984587e-01
  -3.3742408e-01   4.6320344e-01
  -3.4492240e-01   4.8879429e-01
  -3.5242071e-01   5.1697765e-01
  -3.5991902e-01   5.4819562e-01
  -3.6741734e-01   5.8299822e-01
  -3.7491565e-01   6.2207755e-01
  -3.8241396e-01   6.6631510e-01
  -3.8991227e-01   7.1684472e-01
  -3.9740442e-01   7.7507350e-01
  -4.0485372e-01   8.4255472e-01
  -4.1219438e-01   9.2082792e-01
  -4.1935860e-01   1.0115228e+00
  -4.2628514e-01   1.1163728e+00
  -4.3292123e-01   1.2372122e+00
  -4.3922384e-01   1.3760517e+00
  -4.4516030e-01   1.5352481e+00
  -4.5070838e-01   1.7177415e+00
  -4.5585574e-01   1.9272979e+00
  -4.6059905e-01   2.1687027e+00
  -4.6494277e-01   2.4478885e+00
  -4.6889784e-01   2.7720178e+00
  -4.7248026e-01   3.1495619e+00
  -4.7570984e-01   3.5904142e+00
  -4.7860893e-01   4.1060713e+00
  -4.8120137e-01   4.7099094e+00
  -4.8351168e-01   5.4175789e+00
  -4.8556427e-01   6.2475340e+00
  -4.8738293e-01   7.2217110e+00
  -4.8899045e-01   8.3663576e+00
  -4.9040832e-01   9.7130135e+00
  -4.9165656e-01   1.1299615e+01
  -4.9275365e-01   1.3171646e+01
  -4.9371649e-01   1.5383129e+01
  -4.9456043e-01   1.7996949e+01
  -4.9529932e-01   2.1083523e+01
  -4.9594561e-01   2.4715978e+01
  -4.9651042e-01   2.8958896e+01
  -4.9700365e-01   3.3846601e+01
  -4.9743408e-01   3.9346815e+01
  -4.9780951e-01   4.5307482e+01
  -4.9813679e-01   5.1389987e+01
  -4.9842197e-01   5.6999579e+01
  -4.9867038e-01   6.1228723e+01
  -4.9888669e-01   6.2822572e+01
  -4.9907499e-01   6.0151183e+01
  -4.9923887e-01   5.1130472e+01
  -4.9938146e-01   3.2974797e+01
  -4.9950550e-01   1.5638412e+00
  -4.9961340e-01  -5.0049884e+01
  -4.9970723e-01  -1.3529593e+02
  -4.9978883e-01  -2.8432577e+02
  -4.9985977e-01  -5.7974000e+02
  -4.9992145e-01  -1.3380223e+03
  -4.9997507e-01  -4.4955537e+03
