   4.9997507e-01   1.3153162e+00
   4.9992145e-01   1.0607633e+00
   4.9985977e-01   9.2503773e-01
   4.9978883e-01   8.4482894e-01
   4.9970723e-01   7.8828721e-01
   4.9961340e-01   7.4381742e-01
   4.9950550e-01   7.0658851e-01
   4.9938146e-01   6.7422055e-01
   4.9923887e-01   6.4535674e-01
   4.9907499e-01   6.1914269e-01
   4.9888669e-01   5.9500365e-01
   4.9867038e-01   5.7253430e-01
   4.9842197e-01   5.5143810e-01
   4.9813678e-01   5.3149163e-01
   4.9780950e-01   5.1252227e-01
   4.9743408e-01   4.9439383e-01
   4.9700364e-01   4.7699671e-01
   4.9651041e-01   4.6024122e-01
   4.9594561e-01   4.4405269e-01
   4.9529932e-01   4.2836804e-01
   4.9456042e-01   4.1313309e-01
   4.9371648e-01   3.9830065e-01
   4.9275364e-01   3.8382901e-01
   4.9165655e-01   3.6968076e-01
   4.9040831e-01   3.5582191e-01
   4.8899044e-01   3.4222118e-01
   4.8738291e-01   3.2884954e-01
   4.8556425e-01   3.1567982e-01
   4.8351166e-01   3.0268657e-01
   4.8120136e-01   2.8984601e-01
   4.7860891e-01   2.7713624e-01
   4.7570982e-01   2.6453768e-01
   4.7248024e-01   2.5203373e-01
   4.6889781e-01   2.3961177e-01
   4.6494275e-01   2.2726443e-01
   4.6059902e-01   2.1499108e-01
   4.5585571e-01   2.0279946e-01
   4.5070835e-01   1.9070721e-01
   4.4516027e-01   1.7874306e-01
   4.3922381e-01   1.6694733e-01
   4.3292120e-01   1.5537158e-01
   4.2628511e-01   1.4407697e-01
   4.1935856e-01   1.3313147e-01
   4.1219434e-01   1.2260608e-01
   4.0485369e-01   1.1257023e-01
   3.9740439e-01   1.0309534e-01
   3.8991224e-01   9.4237359e-02
   3.8241393e-01   8.5945782e-02
   3.7491562e-01   7.8205964e-02
   3.6741730e-01   7.0990257e-02
   3.5991899e-01   6.4268270e-02
   3.5242068e-01   5.8013563e-02
   3.4492237e-01   5.2202659e-02
   3.3742405e-01   4.6814371e-02
   3.2992574e-01   4.1829319e-02
   3.2242743e-01   3.7229577e-02
   3.1492911e-01   3.2998412e-02
   3.0743080e-01   2.9120094e-02
   2.9993249e-01   2.5579746e-02
   2.9243418e-01   2.2363239e-02
   2.8493586e-01   1.9457111e-02
   2.7743755e-01   1.6848499e-02
   2.6993924e-01   1.4525095e-02
   2.6244093e-01   1.2475110e-02
   2.5494261e-01   1.0687246e-02
   2.4744430e-01   9.1506732e-03
   2.3994599e-01   7.8550140e-03
   2.3244768e-01   6.7903308e-03
   2.2494936e-01   5.9471147e-03
   2.1745105e-01   5.3162768e-03
   2.0995274e-01   4.8891414e-03
   2.0245443e-01   4.6574396e-03
   1.9495611e-01   4.6133040e-03
   1.8745780e-01   4.7492632e-03
   1.7995949e-01   5.0582367e-03
   1.7246117e-01   5.5335313e-03
   1.6496286e-01   6.1688352e-03
   1.5746455e-01   6.9582139e-03
   1.4996624e-01   7.8961066e-03
   1.4246792e-01   8.9773202e-03
   1.3496961e-01   1.0197026e-02
   1.2747130e-01   1.1550755e-02
   1.1997299e-01   1.3034392e-02
   1.1247467e-01   1.4644176e-02
   1.0497636e-01   1.6376690e-02
   9.7478048e-02   1.8228863e-02
   8.9979736e-02   2.0197963e-02
   8.2481423e-02   2.2281595e-02
   7.4983110e-02   2.4477699e-02
   6.7484798e-02   2.6784547e-02
   5.9986485e-02   2.9200743e-02
   5.2488173e-02   3.1725219e-02
   4.4989860e-02   3.4357238e-02
   3.7491547e-02   3.7096390e-02
   2.9993235e-02   3.9942601e-02
   2.2494922e-02   4.2896125e-02
   1.4996609e-02   4.5957557e-02
   7.4982967e-03   4.9127831e-02
  -1.5895382e-08   5.2408228e-02
  -7.4983285e-03   5.5800384e-02
  -1.4996641e-02   5.9306293e-02
  -2.2494954e-02   6.2928328e-02
  -2.9993266e-02   6.6669241e-02
  -3.7491579e-02   7.0532185e-02
  -4.4989892e-02   7.4520728e-02
  -5.2488204e-02   7.8638871e-02
  -5.9986517e-02   8.2891072e-02
  -6.7484830e-02   8.7282269e-02
  -7.4983142e-02   9.1817909e-02
  -8.2481455e-02   9.6503979e-02
  -8.9979768e-02   1.0134705e-01
  -9.7478080e-02   1.0635430e-01
  -1.0497639e-01   1.1153360e-01
  -1.1247471e-01   1.1689352e-01
  -1.1997302e-01   1.2244341e-01
  -1.2747133e-01   1.2819351e-01
  -1.3496964e-01   1.3415495e-01
  -1.4246796e-01   1.4033991e-01
  -1.4996627e-01   1.4676168e-01
  -1.5746458e-01   1.5343482e-01
  -1.6496289e-01   1.6037525e-01
  -1.7246121e-01   1.6760041e-01
  -1.7995952e-01   1.7512948e-01
  -1.8745783e-01   1.8298353e-01
  -1.9495614e-01   1.9118578e-01
  -2.0245446e-01   1.9976185e-01
  -2.0995277e-01   2.0874010e-01
  -2.1745108e-01   2.1815196e-01
  -2.2494939e-01   2.2803235e-01
  -2.3244771e-01   2.3842019e-01
  -2.3994602e-01   2.4935892e-01
  -2.4744433e-01   2.6089721e-01
  -2.5494265e-01   2.7308971e-01
  -2.6244096e-01   2.8599797e-01
  -2.6993927e-01   2.9969153e-01
  -2.7743758e-01   3.1424918e-01
  -2.8493590e-01   3.2976050e-01
  -2.9243421e-01   3.4632766e-01
  -2.9993252e-01   3.6406758e-01
  -3.0743083e-01   3.8311451e-01
  -3.1492915e-01   4.0362313e-01
  -3.2242746e-01   4.2577229e-01
  -3.2992577e-01   4.4976942e-01
  -3.3742408e-01   4.7585591e-01
  -3.4492240e-01   5.0431341e-01
  -3.5242071e-01   5.3547140e-01
  -3.5991902e-01   5.6971580e-01
  -3.6741734e-01   6.0749877e-01
  -3.7491565e-01   6.4934886e-01
  -3.8241396e-01   6.9587952e-01
  -3.8991227e-01   7.4776142e-01
  -3.9740442e-01   8.0560566e-01
  -4.0485372e-01   8.6998451e-01
  -4.1219438e-01   9.4093801e-01
  -4.1935860e-01   1.0180153e+00
  -4.2628514e-01   1.1001403e+00
  -4.3292123e-01   1.1853574e+00
  -4.3922384e-01   1.2705663e+00
  -4.4516030e-01   1.3512587e+00
  -4.5070838e-01   1.4212934e+00
  -4.5585574e-01   1.4727523e+00
  -4.6059905e-01   1.4959044e+00
  -4.6494277e-01   1.4792866e+00
  -4.6889784e-01   1.4098730e+00
  -4.7248026e-01   1.2732698e+00
  -4.7570984e-01   1.0538520e+00
  -4.7860893e-01   7.3475556e-01
  -4.8120137e-01   2.9765773e-01
  -4.8351168e-01  -2.7769050e-01
  -4.8556427e-01  -1.0141847e+00
  -4.8738293e-01  -1.9383271e+00
  -4.8899045e-01  -3.0814126e+00
  -4.9040832e-01  -4.4809432e+00
  -4.9165656e-01  -6.1823022e+00
  -4.9275365e-01  -8.2407607e+00
  -4.9371649e-01  -1.0723933e+01
  -4.9456043e-01  -1.3714855e+01
  -4.9529932e-01  -1.7315944e+01
  -4.9594561e-01  -2.1654185e+01
  -4.9651042e-01  -2.6888075e+01
  -4.9700365e-01  -3.3217092e+01
  -4.9743408e-01  -4.0894832e+01
  -4.9780951e-01  -5.0247638e+01
  -4.9813679e-01  -6.1701574e+01
  -4.9842197e-01  -7.5822484e+01
  -4.9867038e-01  -9.3377168e+01
  -4.9888669e-01  -1.1542991e+02
  -4.9907499e-01  -1.4350070e+02
  -4.9923887e-01  -1.7983659e+02
  -4.9938146e-01  -2.2790330e+02
  -4.9950550e-01  -2.9333896e+02
  -4.9961340e-01  -3.8597404e+02
  -4.9970723e-01  -5.2464086e+02
  -4.9978883e-01  -7.5059053e+02
  -4.9985977e-01  -1.1739417e+03
  -4.9992145e-01  -2.1984176e+03
  -4.9997507e-01  -6.7327019e+03
