   4.9997507e-01   4.6009865e+00
   4.9992145e-01   3.4710120e+00
   4.9985977e-01   2.9056980e+00
   4.9978883e-01   2.5628613e+00
   4.9970723e-01   2.3171392e+00
   4.9961340e-01   2.1208933e+00
   4.9950550e-01   1.9538615e+00
   4.9938146e-01   1.8059647e+00
   4.9923887e-01   1.6714276e+00
   4.9907499e-01   1.5465901e+00
   4.9888669e-01   1.4289664e+00
   4.9867038e-01   1.3167836e+00
   4.9842197e-01   1.2087337e+00
   4.9813678e-01   1.1038329e+00
   4.9780950e-01   1.0013426e+00
   4.9743408e-01   9.0072617e-01
   4.9700364e-01   8.0163065e-01
   4.9651041e-01   7.0388282e-01
   4.9594561e-01   6.0749410e-01
   4.9529932e-01   5.1266695e-01
   4.9456042e-01   4.1979632e-01
   4.9371648e-01   3.2945959e-01
   4.9275364e-01   2.4239006e-01
   4.9165655e-01   1.5943159e-01
   4.9040831e-01   8.1476182e-02
   4.8899044e-01   9.3907729e-03
   4.8738291e-01  -5.6056915e-02
   4.8556425e-01  -1.1426222e-01
   4.8351166e-01  -1.6482758e-01
   4.8120136e-01  -2.0758165e-01
   4.7860891e-01  -2.4257408e-01
   4.7570982e-01  -2.7005136e-01
   4.7248024e-01  -2.9042165e-01
   4.6889781e-01  -3.0421657e-01
   4.6494275e-01  -3.1205554e-01
   4.6059902e-01  -3.1461553e-01
   4.5585571e-01  -3.1260628e-01
   4.5070835e-01  -3.0674961e-01
   4.4516027e-01  -2.9776108e-01
   4.3922381e-01  -2.8633255e-01
   4.3292120e-01  -2.7311555e-01
   4.2628511e-01  -2.5870580e-01
   4.1935856e-01  -2.4363127e-01
   4.1219434e-01  -2.2834135e-01
   4.0485369e-01  -2.1320668e-01
   3.9740439e-01  -1.9850055e-01
   3.8991224e-01  -1.8446284e-01
   3.8241393e-01  -1.7121310e-01
   3.7491562e-01  -1.5872359e-01
   3.6741730e-01  -1.4695172e-01
   3.5991899e-01  -1.3585701e-01
   3.5242068e-01  -1.2539765e-01
   3.4492237e-01  -1.1553156e-01
   3.3742405e-01  -1.0621738e-01
   3.2992574e-01  -9.7415300e-02
   3.2242743e-01  -8.9087454e-02
   3.1492911e-01  -8.1198195e-02
   3.0743080e-01  -7.3714195e-02
   2.9993249e-01  -6.6604436e-02
   2.9243418e-01  -5.9840155e-02
   2.8493586e-01  -5.3394737e-02
   2.7743755e-01  -4.7243592e-02
   2.6993924e-01  -4.1364018e-02
   2.6244093e-01  -3.5735063e-02
   2.5494261e-01  -3.0337388e-02
   2.4744430e-01  -2.5153136e-02
   2.3994599e-01  -2.0165805e-02
   2.3244768e-01  -1.5360133e-02
   2.2494936e-01  -1.0721990e-02
   2.1745105e-01  -6.2382740e-03
   2.0995274e-01  -1.8968198e-03
   2.0245443e-01   2.3136842e-03
   1.9495611e-01   6.4037758e-03
   1.8745780e-01   1.0383289e-02
   1.7995949e-01   1.4261421e-02
   1.7246117e-01   1.8046789e-02
   1.6496286e-01   2.1747485e-02
   1.5746455e-01   2.5371129e-02
   1.4996624e-01   2.8924910e-02
   1.4246792e-01   3.2415630e-02
   1.3496961e-01   3.5849744e-02
   1.2747130e-01   3.9233390e-02
   1.1997299e-01   4.2572431e-02
   1.1247467e-01   4.5872475e-02
   1.0497636e-01   4.9138911e-02
   9.7478048e-02   5.2376932e-02
   8.9979736e-02   5.5591560e-02
   8.2481423e-02   5.8787671e-02
   7.4983110e-02   6.1970014e-02
   6.7484798e-02   6.5143236e-02
   5.9986485e-02   6.8311899e-02
   5.2488173e-02   7.1480502e-02
   4.4989860e-02   7.4653497e-02
   3.7491547e-02   7.7835312e-02
   2.9993235e-02   8.1030364e-02
   2.2494922e-02   8.4243083e-02
   1.4996609e-02   8.7477926e-02
   7.4982967e-03   9.0739398e-02
  -1.5895382e-08   9.4032070e-02
  -7.4983285e-03   9.7360598e-02
  -1.4996641e-02   1.0072974e-01
  -2.2494954e-02   1.0414440e-01
  -2.9993266e-02   1.0760960e-01
  -3.7491579e-02   1.1113056e-01
  -4.4989892e-02   1.1471268e-01
  -5.2488204e-02   1.1836161e-01
  -5.9986517e-02   1.2208321e-01
  -6.7484830e-02   1.2588367e-01
  -7.4983142e-02   1.2976947e-01
  -8.2481455e-02   1.3374744e-01
  -8.9979768e-02   1.3782482e-01
  -9.7478080e-02   1.4200929e-01
  -1.0497639e-01   1.4630900e-01
  -1.1247471e-01   1.5073266e-01
  -1.1997302e-01   1.5528957e-01
  -1.2747133e-01   1.5998971e-01
  -1.3496964e-01   1.6484380e-01
  -1.4246796e-01   1.6986338e-01
  -1.4996627e-01   1.7506093e-01
  -1.5746458e-01   1.8044996e-01
  -1.6496289e-01   1.8604514e-01
  -1.7246121e-01   1.9186243e-01
  -1.7995952e-01   1.9791924e-01
  -1.8745783e-01   2.0423463e-01
  -1.9495614e-01   2.1082951e-01
  -2.0245446e-01   2.1772687e-01
  -2.0995277e-01   2.2495210e-01
  -2.1745108e-01   2.3253327e-01
  -2.2494939e-01   2.4050154e-01
  -2.3244771e-01   2.4889164e-01
  -2.3994602e-01   2.5774235e-01
  -2.4744433e-01   2.6709720e-01
  -2.5494265e-01   2.7700519e-01
  -2.6244096e-01   2.8752172e-01
  -2.6993927e-01   2.9870976e-01
  -2.7743758e-01   3.1064117e-01
  -2.8493590e-01   3.2339844e-01
  -2.9243421e-01   3.3707682e-01
  -2.9993252e-01   3.5178698e-01
  -3.0743083e-01   3.6765842e-01
  -3.1492915e-01   3.8484379e-01
  -3.2242746e-01   4.0352440e-01
  -3.2992577e-01   4.2391726e-01
  -3.3742408e-01   4.4628408e-01
  -3.4492240e-01   4.7094257e-01
  -3.5242071e-01   4.9828055e-01
  -3.5991902e-01   5.2877331e-01
  -3.6741734e-01   5.6300459e-01
  -3.7491565e-01   6.0169187e-01
  -3.8241396e-01   6.4571789e-01
  -3.8991227e-01   6.9617079e-01
  -3.9740442e-01   7.5432658e-01
  -4.0485372e-01   8.2143657e-01
  -4.1219438e-01   8.9862245e-01
  -4.1935860e-01   9.8703038e-01
  -4.2628514e-01   1.0879843e+00
  -4.3292123e-01   1.2031659e+00
  -4.3922384e-01   1.3348154e+00
  -4.4516030e-01   1.4858947e+00
  -4.5070838e-01   1.6601819e+00
  -4.5585574e-01   1.8623012e+00
  -4.6059905e-01   2.0977233e+00
  -4.6494277e-01   2.3727748e+00
  -4.6889784e-01   2.6946881e+00
  -4.7248026e-01   3.0717156e+00
  -4.7570984e-01   3.5133277e+00
  -4.7860893e-01   4.0305062e+00
  -4.8120137e-01   4.6361356e+00
  -4.8351168e-01   5.3454858e+00
  -4.8556427e-01   6.1767736e+00
  -4.8738293e-01   7.1517904e+00
  -4.8899045e-01   8.2965803e+00
  -4.9040832e-01   9.6421288e+00
  -4.9165656e-01   1.1224953e+01
  -4.9275365e-01   1.3087336e+01
  -4.9371649e-01   1.5276632e+01
  -4.9456043e-01   1.7842590e+01
  -4.9529932e-01   2.0830869e+01
  -4.9594561e-01   2.4270071e+01
  -4.9651042e-01   2.8149060e+01
  -4.9700365e-01   3.2381977e+01
  -4.9743408e-01   3.6761139e+01
  -4.9780951e-01   4.0903343e+01
  -4.9813679e-01   4.4200727e+01
  -4.9842197e-01   4.5788402e+01
  -4.9867038e-01   4.4531577e+01
  -4.9888669e-01   3.9013259e+01
  -4.9907499e-01   2.7474359e+01
  -4.9923887e-01   7.6254691e+00
  -4.9938146e-01  -2.3799104e+01
  -4.9950550e-01  -7.1995289e+01
  -4.9961340e-01  -1.4616327e+02
  -4.9970723e-01  -2.6449410e+02
  -4.9978883e-01  -4.6830443e+02
  -4.9985977e-01  -8.7230086e+02
  -4.9992145e-01  -1.9149426e+03
  -4.9997507e-01  -6.9724769e+03
