   4.9997507e-01   1.7880052e+00
   4.9992145e-01   1.4153167e+00
   4.9985977e-01   1.2397799e+00
   4.9978883e-01   1.1293918e+00
   4.9970723e-01   1.0482841e+00
   4.9961340e-01   9.8327975e-01
   4.9950550e-01   9.2832343e-01
   4.9938146e-01   8.8019741e-01
   4.9923887e-01   8.3699349e-01
   4.9907499e-01   7.9748571e-01
   4.9888669e-01   7.6083784e-01
   4.9867038e-01   7.2645217e-01
   4.9842197e-01   6.9388463e-01
   4.9813678e-01   6.6279418e-01
   4.9780950e-01   6.3291096e-01
   4.9743408e-01   6.0401555e-01
   4.9700364e-01   5.7592491e-01
   4.9651041e-01   5.4848255e-01
   4.9594561e-01   5.2155168e-01
   4.9529932e-01   4.9501027e-01
   4.9456042e-01   4.6874759e-01
   4.9371648e-01   4.4266213e-01
   4.9275364e-01   4.1666045e-01
   4.9165655e-01   3.9065740e-01
   4.9040831e-01   3.6457748e-01
   4.8899044e-01   3.3835766e-01
   4.8738291e-01   3.1195172e-01
   4.8556425e-01   2.8533600e-01
   4.8351166e-01   2.5851627e-01
   4.8120136e-01   2.3153506e-01
   4.7860891e-01   2.0447831e-01
   4.7570982e-01   1.7748006e-01
   4.7248024e-01   1.5072341e-01
   4.6889781e-01   1.2443670e-01
   4.6494275e-01   9.8883880e-02
   4.6059902e-01   7.4349592e-02
   4.5585571e-01   5.1120142e-02
   4.5070835e-01   2.9462763e-02
   4.4516027e-01   9.6059331e-03
   4.3922381e-01  -8.2766369e-03
   4.3292120e-01  -2.4076424e-02
   4.2628511e-01  -3.7754074e-02
   4.1935856e-01  -4.9337068e-02
   4.1219434e-01  -5.8911837e-02
   4.0485369e-01  -6.6610406e-02
   3.9740439e-01  -7.2595360e-02
   3.8991224e-01  -7.7087144e-02
   3.8241393e-01  -8.0358067e-02
   3.7491562e-01  -8.2582281e-02
   3.6741730e-01  -8.3917221e-02
   3.5991899e-01  -8.4501441e-02
   3.5242068e-01  -8.4450878e-02
   3.4492237e-01  -8.3862847e-02
   3.3742405e-01  -8.2819345e-02
   3.2992574e-01  -8.1389717e-02
   3.2242743e-01  -7.9632785e-02
   3.1492911e-01  -7.7598577e-02
   3.0743080e-01  -7.5329730e-02
   2.9993249e-01  -7.2862635e-02
   2.9243418e-01  -7.0228386e-02
   2.8493586e-01  -6.7453563e-02
   2.7743755e-01  -6.4560893e-02
   2.6993924e-01  -6.1569794e-02
   2.6244093e-01  -5.8496841e-02
   2.5494261e-01  -5.5356158e-02
   2.4744430e-01  -5.2159754e-02
   2.3994599e-01  -4.8917802e-02
   2.3244768e-01  -4.5638885e-02
   2.2494936e-01  -4.2330207e-02
   2.1745105e-01  -3.8997766e-02
   2.0995274e-01  -3.5646513e-02
   2.0245443e-01  -3.2280483e-02
   1.9495611e-01  -2.8902909e-02
   1.8745780e-01  -2.5516322e-02
   1.7995949e-01  -2.2122637e-02
   1.7246117e-01  -1.8723225e-02
   1.6496286e-01  -1.5318980e-02
   1.5746455e-01  -1.1910372e-02
   1.4996624e-01  -8.4974938e-03
   1.4246792e-01  -5.0801038e-03
   1.3496961e-01  -1.6576606e-03
   1.2747130e-01   1.7706475e-03
   1.1997299e-01   5.2058772e-03
   1.1247467e-01   8.6493082e-03
   1.0497636e-01   1.2102426e-02
   9.7478048e-02   1.5566908e-02
   8.9979736e-02   1.9044609e-02
   8.2481423e-02   2.2537557e-02
   7.4983110e-02   2.6047941e-02
   6.7484798e-02   2.9578112e-02
   5.9986485e-02   3.3130577e-02
   5.2488173e-02   3.6708001e-02
   4.4989860e-02   4.0313205e-02
   3.7491547e-02   4.3949174e-02
   2.9993235e-02   4.7619060e-02
   2.2494922e-02   5.1326188e-02
   1.4996609e-02   5.5074066e-02
   7.4982967e-03   5.8866393e-02
  -1.5895382e-08   6.2707077e-02
  -7.4983285e-03   6.6600240e-02
  -1.4996641e-02   7.0550243e-02
  -2.2494954e-02   7.4561695e-02
  -2.9993266e-02   7.8639481e-02
  -3.7491579e-02   8.2788778e-02
  -4.4989892e-02   8.7015084e-02
  -5.2488204e-02   9.1324237e-02
  -5.9986517e-02   9.5722454e-02
  -6.7484830e-02   1.0021635e-01
  -7.4983142e-02   1.0481300e-01
  -8.2481455e-02   1.0951991e-01
  -8.9979768e-02   1.1434516e-01
  -9.7478080e-02   1.1929736e-01
  -1.0497639e-01   1.2438571e-01
  -1.1247471e-01   1.2962011e-01
  -1.1997302e-01   1.3501114e-01
  -1.2747133e-01   1.4057016e-01
  -1.3496964e-01   1.4630937e-01
  -1.4246796e-01   1.5224189e-01
  -1.4996627e-01   1.5838182e-01
  -1.5746458e-01   1.6474431e-01
  -1.6496289e-01   1.7134570e-01
  -1.7246121e-01   1.7820363e-01
  -1.7995952e-01   1.8533709e-01
  -1.8745783e-01   1.9276666e-01
  -1.9495614e-01   2.0051459e-01
  -2.0245446e-01   2.0860507e-01
  -2.0995277e-01   2.1706437e-01
  -2.1745108e-01   2.2592119e-01
  -2.2494939e-01   2.3520691e-01
  -2.3244771e-01   2.4495606e-01
  -2.3994602e-01   2.5520668e-01
  -2.4744433e-01   2.6600100e-01
  -2.5494265e-01   2.7738605e-01
  -2.6244096e-01   2.8941455e-01
  -2.6993927e-01   3.0214592e-01
  -2.7743758e-01   3.1564759e-01
  -2.8493590e-01   3.2999653e-01
  -2.9243421e-01   3.4528124e-01
  -2.9993252e-01   3.6160414e-01
  -3.0743083e-01   3.7908459e-01
  -3.1492915e-01   3.9786270e-01
  -3.2242746e-01   4.1810410e-01
  -3.2992577e-01   4.4000602e-01
  -3.3742408e-01   4.6380513e-01
  -3.4492240e-01   4.8978767e-01
  -3.5242071e-01   5.1830273e-01
  -3.5991902e-01   5.4977999e-01
  -3.6741734e-01   5.8475360e-01
  -3.7491565e-01   6.2389522e-01
  -3.8241396e-01   6.6806037e-01
  -3.8991227e-01   7.1834014e-01
  -3.9740442e-01   7.7606221e-01
  -4.0485372e-01   8.4274196e-01
  -4.1219438e-01   9.1995121e-01
  -4.1935860e-01   1.0094845e+00
  -4.2628514e-01   1.1134486e+00
  -4.3292123e-01   1.2343087e+00
  -4.3922384e-01   1.3749456e+00
  -4.4516030e-01   1.5387215e+00
  -4.5070838e-01   1.7295539e+00
  -4.5585574e-01   1.9519946e+00
  -4.6059905e-01   2.2113021e+00
  -4.6494277e-01   2.5134873e+00
  -4.6889784e-01   2.8652932e+00
  -4.7248026e-01   3.2740444e+00
  -4.7570984e-01   3.7472656e+00
  -4.7860893e-01   4.2919287e+00
  -4.8120137e-01   4.9131610e+00
  -4.8351168e-01   5.6122488e+00
  -4.8556427e-01   6.3838550e+00
  -4.8738293e-01   7.2125533e+00
  -4.8899045e-01   8.0690638e+00
  -4.9040832e-01   8.9068814e+00
  -4.9165656e-01   9.6601502e+00
  -4.9275365e-01   1.0243486e+01
  -4.9371649e-01   1.0553896e+01
  -4.9456043e-01   1.0474112e+01
  -4.9529932e-01   9.8759080e+00
  -4.9594561e-01   8.6215567e+00
  -4.9651042e-01   6.5617619e+00
  -4.9700365e-01   3.5288566e+00
  -4.9743408e-01  -6.7549512e-01
  -4.9780951e-01  -6.2988763e+00
  -4.9813679e-01  -1.3664523e+01
  -4.9842197e-01  -2.3208850e+01
  -4.9867038e-01  -3.5536589e+01
  -4.9888669e-01  -5.1505701e+01
  -4.9907499e-01  -7.2365131e+01
  -4.9923887e-01  -9.9990580e+01
  -4.9938146e-01  -1.3731257e+02
  -4.9950550e-01  -1.8914921e+02
  -4.9961340e-01  -2.6397181e+02
  -4.9970723e-01  -3.7809345e+02
  -4.9978883e-01  -5.6724843e+02
  -4.9985977e-01  -9.2629729e+02
  -4.9992145e-01  -1.8050359e+03
  -4.9997507e-01  -5.2240431e+03
