   4.9997507e-01   4.6230578e+00
   4.9992145e-01   3.5254593e+00
   4.9985977e-01   2.9707483e+00
   4.9978883e-01   2.6194708e+00
   4.9970723e-01   2.3600021e+00
   4.9961340e-01   2.1497865e+00
   4.9950550e-01   1.9695853e+00
   4.9938146e-01   1.8092774e+00
   4.9923887e-01   1.6628831e+00
   4.9907499e-01   1.5265629e+00
   4.9888669e-01   1.3977011e+00
   4.9867038e-01   1.2744427e+00
   4.9842197e-01   1.1554443e+00
   4.9813678e-01   1.0397357e+00
   4.9780950e-01   9.2664576e-01
   4.9743408e-01   8.1576554e-01
   4.9700364e-01   7.0693334e-01
   4.9651041e-01   6.0022957e-01
   4.9594561e-01   4.9597155e-01
   4.9529932e-01   3.9469912e-01
   4.9456042e-01   2.9714390e-01
   4.9371648e-01   2.0417814e-01
   4.9275364e-01   1.1674371e-01
   4.9165655e-01   3.5767281e-02
   4.9040831e-01  -3.7927474e-02
   4.8899044e-01  -1.0369725e-01
   4.8738291e-01  -1.6113390e-01
   4.8556425e-01  -2.1008888e-01
   4.8351166e-01  -2.5066675e-01
   4.8120136e-01  -2.8319298e-01
   4.7860891e-01  -3.0816626e-01
   4.7570982e-01  -3.2620547e-01
   4.7248024e-01  -3.3800044e-01
   4.6889781e-01  -3.4427153e-01
   4.6494275e-01  -3.4574002e-01
   4.6059902e-01  -3.4310867e-01
   4.5585571e-01  -3.3704985e-01
   4.5070835e-01  -3.2819887e-01
   4.4516027e-01  -3.1714954e-01
   4.3922381e-01  -3.0445062e-01
   4.3292120e-01  -2.9060192e-01
   4.2628511e-01  -2.7605007e-01
   4.1935856e-01  -2.6118583e-01
   4.1219434e-01  -2.4633843e-01
   4.0485369e-01  -2.3178148e-01
   3.9740439e-01  -2.1771065e-01
   3.8991224e-01  -2.0430615e-01
   3.8241393e-01  -1.9165522e-01
   3.7491562e-01  -1.7971394e-01
   3.6741730e-01  -1.6843051e-01
   3.5991899e-01  -1.5775997e-01
   3.5242068e-01  -1.4765951e-01
   3.4492237e-01  -1.3808823e-01
   3.3742405e-01  -1.2900742e-01
   3.2992574e-01  -1.2038072e-01
   3.2242743e-01  -1.1217417e-01
   3.1492911e-01  -1.0435620e-01
   3.0743080e-01  -9.6897577e-02
   2.9993249e-01  -8.9771243e-02
   2.9243418e-01  -8.2952227e-02
   2.8493586e-01  -7.6417481e-02
   2.7743755e-01  -7.0145740e-02
   2.6993924e-01  -6.4117378e-02
   2.6244093e-01  -5.8314272e-02
   2.5494261e-01  -5.2719677e-02
   2.4744430e-01  -4.7318101e-02
   2.3994599e-01  -4.2095200e-02
   2.3244768e-01  -3.7037669e-02
   2.2494936e-01  -3.2133154e-02
   2.1745105e-01  -2.7370163e-02
   2.0995274e-01  -2.2737988e-02
   2.0245443e-01  -1.8226633e-02
   1.9495611e-01  -1.3826750e-02
   1.8745780e-01  -9.5295779e-03
   1.7995949e-01  -5.3268873e-03
   1.7246117e-01  -1.2109332e-03
   1.6496286e-01   2.8255928e-03
   1.5746455e-01   6.7896028e-03
   1.4996624e-01   1.0687652e-02
   1.4246792e-01   1.4525973e-02
   1.3496961e-01   1.8310510e-02
   1.2747130e-01   2.2046945e-02
   1.1997299e-01   2.5740731e-02
   1.1247467e-01   2.9397113e-02
   1.0497636e-01   3.3021156e-02
   9.7478048e-02   3.6617764e-02
   8.9979736e-02   4.0191706e-02
   8.2481423e-02   4.3747633e-02
   7.4983110e-02   4.7290096e-02
   6.7484798e-02   5.0823571e-02
   5.9986485e-02   5.4352468e-02
   5.2488173e-02   5.7881157e-02
   4.4989860e-02   6.1413980e-02
   3.7491547e-02   6.4955267e-02
   2.9993235e-02   6.8509357e-02
   2.2494922e-02   7.2080613e-02
   1.4996609e-02   7.5673437e-02
   7.4982967e-03   7.9292288e-02
  -1.5895382e-08   8.2941702e-02
  -7.4983285e-03   8.6626308e-02
  -1.4996641e-02   9.0350847e-02
  -2.2494954e-02   9.4120193e-02
  -2.9993266e-02   9.7939373e-02
  -3.7491579e-02   1.0181359e-01
  -4.4989892e-02   1.0574825e-01
  -5.2488204e-02   1.0974897e-01
  -5.9986517e-02   1.1382164e-01
  -6.7484830e-02   1.1797242e-01
  -7.4983142e-02   1.2220779e-01
  -8.2481455e-02   1.2653457e-01
  -8.9979768e-02   1.3095999e-01
  -9.7478080e-02   1.3549168e-01
  -1.0497639e-01   1.4013779e-01
  -1.1247471e-01   1.4490697e-01
  -1.1997302e-01   1.4980848e-01
  -1.2747133e-01   1.5485222e-01
  -1.3496964e-01   1.6004885e-01
  -1.4246796e-01   1.6540980e-01
  -1.4996627e-01   1.7094744e-01
  -1.5746458e-01   1.7667513e-01
  -1.6496289e-01   1.8260737e-01
  -1.7246121e-01   1.8875992e-01
  -1.7995952e-01   1.9514997e-01
  -1.8745783e-01   2.0179627e-01
  -1.9495614e-01   2.0871940e-01
  -2.0245446e-01   2.1594196e-01
  -2.0995277e-01   2.2348885e-01
  -2.1745108e-01   2.3138759e-01
  -2.2494939e-01   2.3966867e-01
  -2.3244771e-01   2.4836600e-01
  -2.3994602e-01   2.5751741e-01
  -2.4744433e-01   2.6716521e-01
  -2.5494265e-01   2.7735697e-01
  -2.6244096e-01   2.8814628e-01
  -2.6993927e-01   2.9959382e-01
  -2.7743758e-01   3.1176858e-01
  -2.8493590e-01   3.2474932e-01
  -2.9243421e-01   3.3862643e-01
  -2.9993252e-01   3.5350414e-01
  -3.0743083e-01   3.6950335e-01
  -3.1492915e-01   3.8676512e-01
  -3.2242746e-01   4.0545514e-01
  -3.2992577e-01   4.2576943e-01
  -3.3742408e-01   4.4794179e-01
  -3.4492240e-01   4.7225366e-01
  -3.5242071e-01   4.9904732e-01
  -3.5991902e-01   5.2874414e-01
  -3.6741734e-01   5.6187023e-01
  -3.7491565e-01   5.9909325e-01
  -3.8241396e-01   6.4127609e-01
  -3.8991227e-01   6.8955544e-01
  -3.9740442e-01   7.4539946e-01
  -4.0485372e-01   8.1048351e-01
  -4.1219438e-01   8.8658678e-01
  -4.1935860e-01   9.7561846e-01
  -4.2628514e-01   1.0794753e+00
  -4.3292123e-01   1.1998391e+00
  -4.3922384e-01   1.3381338e+00
  -4.4516030e-01   1.4958032e+00
  -4.5070838e-01   1.6748765e+00
  -4.5585574e-01   1.8785631e+00
  -4.6059905e-01   2.1116096e+00
  -4.6494277e-01   2.3803505e+00
  -4.6889784e-01   2.6925739e+00
  -4.7248026e-01   3.0573666e+00
  -4.7570984e-01   3.4850502e+00
  -4.7860893e-01   3.9872582e+00
  -4.8120137e-01   4.5771771e+00
  -4.8351168e-01   5.2699635e+00
  -4.8556427e-01   6.0833358e+00
  -4.8738293e-01   7.0383227e+00
  -4.8899045e-01   8.1601412e+00
  -4.9040832e-01   9.4791740e+00
  -4.9165656e-01   1.1032014e+01
  -4.9275365e-01   1.2862499e+01
  -4.9371649e-01   1.5022532e+01
  -4.9456043e-01   1.7572149e+01
  -4.9529932e-01   2.0577715e+01
  -4.9594561e-01   2.4106026e+01
  -4.9651042e-01   2.8210628e+01
  -4.9700365e-01   3.2905055e+01
  -4.9743408e-01   3.8117276e+01
  -4.9780951e-01   4.3622492e+01
  -4.9813679e-01   4.8959410e+01
  -4.9842197e-01   5.3346612e+01
  -4.9867038e-01   5.5622292e+01
  -4.9888669e-01   5.4218638e+01
  -4.9907499e-01   4.7143466e+01
  -4.9923887e-01   3.1882318e+01
  -4.9938146e-01   5.0629136e+00
  -4.9950550e-01  -3.8391792e+01
  -4.9961340e-01  -1.0721150e+02
  -4.9970723e-01  -2.1846848e+02
  -4.9978883e-01  -4.1060795e+02
  -4.9985977e-01  -7.8890354e+02
  -4.9992145e-01  -1.7505448e+03
  -4.9997507e-01  -6.1816822e+03
