   4.9997507e-01   2.1331735e+00
   4.9992145e-01   1.6801696e+00
   4.9985977e-01   1.4665496e+00
   4.9978883e-01   1.3320330e+00
   4.9970723e-01   1.2330719e+00
   4.9961340e-01   1.1536376e+00
   4.9950550e-01   1.0863596e+00
   4.9938146e-01   1.0273188e+00
   4.9923887e-01   9.7418828e-01
   4.9907499e-01   9.2546956e-01
   4.9888669e-01   8.8013724e-01
   4.9867038e-01   8.3745480e-01
   4.9842197e-01   7.9687144e-01
   4.9813678e-01   7.5796053e-01
   4.9780950e-01   7.2038092e-01
   4.9743408e-01   6.8385173e-01
   4.9700364e-01   6.4813544e-01
   4.9651041e-01   6.1302631e-01
   4.9594561e-01   5.7834258e-01
   4.9529932e-01   5.4392156e-01
   4.9456042e-01   5.0961704e-01
   4.9371648e-01   4.7529914e-01
   4.9275364e-01   4.4085632e-01
   4.9165655e-01   4.0619997e-01
   4.9040831e-01   3.7127127e-01
   4.8899044e-01   3.3605017e-01
   4.8738291e-01   3.0056573e-01
   4.8556425e-01   2.6490638e-01
   4.8351166e-01   2.2922815e-01
   4.8120136e-01   1.9375871e-01
   4.7860891e-01   1.5879475e-01
   4.7570982e-01   1.2469126e-01
   4.7248024e-01   9.1842296e-02
   4.6889781e-01   6.0654910e-02
   4.6494275e-01   3.1519157e-02
   4.6059902e-01   4.7785355e-03
   4.5585571e-01  -1.9294964e-02
   4.5070835e-01  -4.0518024e-02
   4.4516027e-01  -5.8803885e-02
   4.3922381e-01  -7.4161259e-02
   4.3292120e-01  -8.6685854e-02
   4.2628511e-01  -9.6546717e-02
   4.1935856e-01  -1.0396947e-01
   4.1219434e-01  -1.0921872e-01
   4.0485369e-01  -1.1257632e-01
   3.9740439e-01  -1.1431699e-01
   3.8991224e-01  -1.1476318e-01
   3.8241393e-01  -1.1423217e-01
   3.7491562e-01  -1.1290534e-01
   3.6741730e-01  -1.1093790e-01
   3.5991899e-01  -1.0846217e-01
   3.5242068e-01  -1.0558501e-01
   3.4492237e-01  -1.0239277e-01
   3.3742405e-01  -9.8955377e-02
   3.2992574e-01  -9.5329607e-02
   3.2242743e-01  -9.1561586e-02
   3.1492911e-01  -8.7688814e-02
   3.0743080e-01  -8.3741752e-02
   2.9993249e-01  -7.9745099e-02
   2.9243418e-01  -7.5718814e-02
   2.8493586e-01  -7.1678949e-02
   2.7743755e-01  -6.7638327e-02
   2.6993924e-01  -6.3607092e-02
   2.6244093e-01  -5.9593166e-02
   2.5494261e-01  -5.5602626e-02
   2.4744430e-01  -5.1640011e-02
   2.3994599e-01  -4.7708581e-02
   2.3244768e-01  -4.3810530e-02
   2.2494936e-01  -3.9947165e-02
   2.1745105e-01  -3.6119054e-02
   2.0995274e-01  -3.2326150e-02
   2.0245443e-01  -2.8567894e-02
   1.9495611e-01  -2.4843300e-02
   1.8745780e-01  -2.1151030e-02
   1.7995949e-01  -1.7489450e-02
   1.7246117e-01  -1.3856683e-02
   1.6496286e-01  -1.0250646e-02
   1.5746455e-01  -6.6690886e-03
   1.4996624e-01  -3.1096179e-03
   1.4246792e-01   4.3027898e-04
   1.3496961e-01   3.9532160e-03
   1.2747130e-01   7.4618945e-03
   1.1997299e-01   1.0959092e-02
   1.1247467e-01   1.4447655e-02
   1.0497636e-01   1.7930492e-02
   9.7478048e-02   2.1410572e-02
   8.9979736e-02   2.4890919e-02
   8.2481423e-02   2.8374620e-02
   7.4983110e-02   3.1864819e-02
   6.7484798e-02   3.5364723e-02
   5.9986485e-02   3.8877608e-02
   5.2488173e-02   4.2406825e-02
   4.4989860e-02   4.5955805e-02
   3.7491547e-02   4.9528068e-02
   2.9993235e-02   5.3127234e-02
   2.2494922e-02   5.6757035e-02
   1.4996609e-02   6.0421322e-02
   7.4982967e-03   6.4124085e-02
  -1.5895382e-08   6.7869464e-02
  -7.4983285e-03   7.1661765e-02
  -1.4996641e-02   7.5505484e-02
  -2.2494954e-02   7.9405320e-02
  -2.9993266e-02   8.3366201e-02
  -3.7491579e-02   8.7393307e-02
  -4.4989892e-02   9.1492097e-02
  -5.2488204e-02   9.5668338e-02
  -5.9986517e-02   9.9928136e-02
  -6.7484830e-02   1.0427797e-01
  -7.4983142e-02   1.0872473e-01
  -8.2481455e-02   1.1327576e-01
  -8.9979768e-02   1.1793890e-01
  -9.7478080e-02   1.2272254e-01
  -1.0497639e-01   1.2763566e-01
  -1.1247471e-01   1.3268790e-01
  -1.1997302e-01   1.3788961e-01
  -1.2747133e-01   1.4325194e-01
  -1.3496964e-01   1.4878689e-01
  -1.4246796e-01   1.5450739e-01
  -1.4996627e-01   1.6042739e-01
  -1.5746458e-01   1.6656198e-01
  -1.6496289e-01   1.7292745e-01
  -1.7246121e-01   1.7954141e-01
  -1.7995952e-01   1.8642296e-01
  -1.8745783e-01   1.9359278e-01
  -1.9495614e-01   2.0107330e-01
  -2.0245446e-01   2.0888890e-01
  -2.0995277e-01   2.1706611e-01
  -2.1745108e-01   2.2563384e-01
  -2.2494939e-01   2.3462371e-01
  -2.3244771e-01   2.4407035e-01
  -2.3994602e-01   2.5401186e-01
  -2.4744433e-01   2.6449028e-01
  -2.5494265e-01   2.7555225e-01
  -2.6244096e-01   2.8724977e-01
  -2.6993927e-01   2.9964113e-01
  -2.7743758e-01   3.1279212e-01
  -2.8493590e-01   3.2677745e-01
  -2.9243421e-01   3.4168262e-01
  -2.9993252e-01   3.5760621e-01
  -3.0743083e-01   3.7466274e-01
  -3.1492915e-01   3.9298630e-01
  -3.2242746e-01   4.1273519e-01
  -3.2992577e-01   4.3409774e-01
  -3.3742408e-01   4.5729995e-01
  -3.4492240e-01   4.8261521e-01
  -3.5242071e-01   5.1037722e-01
  -3.5991902e-01   5.4099700e-01
  -3.6741734e-01   5.7498599e-01
  -3.7491565e-01   6.1298779e-01
  -3.8241396e-01   6.5582323e-01
  -3.8991227e-01   7.0454317e-01
  -3.9740442e-01   7.6043129e-01
  -4.0485372e-01   8.2494151e-01
  -4.1219438e-01   8.9958275e-01
  -4.1935860e-01   9.8607774e-01
  -4.2628514e-01   1.0864475e+00
  -4.3292123e-01   1.2030553e+00
  -4.3922384e-01   1.3386616e+00
  -4.4516030e-01   1.4964909e+00
  -4.5070838e-01   1.6803139e+00
  -4.5585574e-01   1.8945466e+00
  -4.6059905e-01   2.1443682e+00
  -4.6494277e-01   2.4358540e+00
  -4.6889784e-01   2.7761169e+00
  -4.7248026e-01   3.1734366e+00
  -4.7570984e-01   3.6373388e+00
  -4.7860893e-01   4.1785535e+00
  -4.8120137e-01   4.8087278e+00
  -4.8351168e-01   5.5396991e+00
  -4.8556427e-01   6.3820517e+00
  -4.8738293e-01   7.3426262e+00
  -4.8899045e-01   8.4206848e+00
  -4.9040832e-01   9.6026428e+00
  -4.9165656e-01   1.0855718e+01
  -4.9275365e-01   1.2121467e+01
  -4.9371649e-01   1.3310740e+01
  -4.9456043e-01   1.4301665e+01
  -4.9529932e-01   1.4941566e+01
  -4.9594561e-01   1.5052190e+01
  -4.9651042e-01   1.4435867e+01
  -4.9700365e-01   1.2879053e+01
  -4.9743408e-01   1.0149586e+01
  -4.9780951e-01   5.9847383e+00
  -4.9813679e-01   6.7906641e-02
  -4.9842197e-01  -8.0085684e+00
  -4.9867038e-01  -1.8799237e+01
  -4.9888669e-01  -3.3090262e+01
  -4.9907499e-01  -5.2033975e+01
  -4.9923887e-01  -7.7375939e+01
  -4.9938146e-01  -1.1186450e+02
  -4.9950550e-01  -1.6004634e+02
  -4.9961340e-01  -2.2995494e+02
  -4.9970723e-01  -3.3712441e+02
  -4.9978883e-01  -5.1571683e+02
  -4.9985977e-01  -8.5682179e+02
  -4.9992145e-01  -1.6984193e+03
  -4.9997507e-01  -5.0275164e+03
