   4.9997507e-01   4.9550182e+00
   4.9992145e-01   3.7227213e+00
   4.9985977e-01   3.1058708e+00
   4.9978883e-01   2.7311918e+00
   4.9970723e-01   2.4621032e+00
   4.9961340e-01   2.2467384e+00
   4.9950550e-01   2.0630377e+00
   4.9938146e-01   1.9000231e+00
   4.9923887e-01   1.7514017e+00
   4.9907499e-01   1.6131842e+00
   4.9888669e-01   1.4826642e+00
   4.9867038e-01   1.3579185e+00
   4.9842197e-01   1.2375412e+00
   4.9813678e-01   1.1204968e+00
   4.9780950e-01   1.0060392e+00
   4.9743408e-01   8.9367146e-01
   4.9700364e-01   7.8313011e-01
   4.9651041e-01   6.7438241e-01
   4.9594561e-01   5.6762797e-01
   4.9529932e-01   4.6329556e-01
   4.9456042e-01   3.6202699e-01
   4.9371648e-01   2.6464250e-01
   4.9275364e-01   1.7208473e-01
   4.9165655e-01   8.5344051e-02
   4.9040831e-01   5.3727845e-03
   4.8899044e-01  -6.6999862e-02
   4.8738291e-01  -1.3113906e-01
   4.8556425e-01  -1.8665115e-01
   4.8351166e-01  -2.3340063e-01
   4.8120136e-01  -2.7149885e-01
   4.7860891e-01  -3.0127144e-01
   4.7570982e-01  -3.2321421e-01
   4.7248024e-01  -3.3794704e-01
   4.6889781e-01  -3.4617252e-01
   4.6494275e-01  -3.4864245e-01
   4.6059902e-01  -3.4613239e-01
   4.5585571e-01  -3.3942215e-01
   4.5070835e-01  -3.2927974e-01
   4.4516027e-01  -3.1644652e-01
   4.3922381e-01  -3.0162251e-01
   4.3292120e-01  -2.8545212e-01
   4.2628511e-01  -2.6851110e-01
   4.1935856e-01  -2.5129744e-01
   4.1219434e-01  -2.3422336e-01
   4.0485369e-01  -2.1761889e-01
   3.9740439e-01  -2.0171523e-01
   3.8991224e-01  -1.8670907e-01
   3.8241393e-01  -1.7267821e-01
   3.7491562e-01  -1.5955882e-01
   3.6741730e-01  -1.4727925e-01
   3.5991899e-01  -1.3577585e-01
   3.5242068e-01  -1.2498835e-01
   3.4492237e-01  -1.1485982e-01
   3.3742405e-01  -1.0533702e-01
   3.2992574e-01  -9.6370475e-02
   3.2242743e-01  -8.7914494e-02
   3.1492911e-01  -7.9927062e-02
   3.0743080e-01  -7.2369641e-02
   2.9993249e-01  -6.5206948e-02
   2.9243418e-01  -5.8406712e-02
   2.8493586e-01  -5.1939426e-02
   2.7743755e-01  -4.5778111e-02
   2.6993924e-01  -3.9898088e-02
   2.6244093e-01  -3.4276763e-02
   2.5494261e-01  -2.8893432e-02
   2.4744430e-01  -2.3729101e-02
   2.3994599e-01  -1.8766322e-02
   2.3244768e-01  -1.3989038e-02
   2.2494936e-01  -9.3824581e-03
   2.1745105e-01  -4.9329243e-03
   2.0995274e-01  -6.2780762e-04
   2.0245443e-01   3.5445937e-03
   1.9495611e-01   7.5951445e-03
   1.8745780e-01   1.1533954e-02
   1.7995949e-01   1.5370447e-02
   1.7246117e-01   1.9113436e-02
   1.6496286e-01   2.2771175e-02
   1.5746455e-01   2.6351418e-02
   1.4996624e-01   2.9861468e-02
   1.4246792e-01   3.3308222e-02
   1.3496961e-01   3.6698212e-02
   1.2747130e-01   4.0037643e-02
   1.1997299e-01   4.3332430e-02
   1.1247467e-01   4.6588226e-02
   1.0497636e-01   4.9810455e-02
   9.7478048e-02   5.3004339e-02
   8.9979736e-02   5.6174922e-02
   8.2481423e-02   5.9327096e-02
   7.4983110e-02   6.2465626e-02
   6.7484798e-02   6.5595164e-02
   5.9986485e-02   6.8720281e-02
   5.2488173e-02   7.1845474e-02
   4.4989860e-02   7.4975199e-02
   3.7491547e-02   7.8113878e-02
   2.9993235e-02   8.1265924e-02
   2.2494922e-02   8.4435761e-02
   1.4996609e-02   8.7627835e-02
   7.4982967e-03   9.0846641e-02
  -1.5895382e-08   9.4096737e-02
  -7.4983285e-03   9.7382765e-02
  -1.4996641e-02   1.0070947e-01
  -2.2494954e-02   1.0408173e-01
  -2.9993266e-02   1.0750456e-01
  -3.7491579e-02   1.1098314e-01
  -4.4989892e-02   1.1452287e-01
  -5.2488204e-02   1.1812935e-01
  -5.9986517e-02   1.2180843e-01
  -6.7484830e-02   1.2556626e-01
  -7.4983142e-02   1.2940929e-01
  -8.2481455e-02   1.3334431e-01
  -8.9979768e-02   1.3737854e-01
  -9.7478080e-02   1.4151959e-01
  -1.0497639e-01   1.4577558e-01
  -1.1247471e-01   1.5015516e-01
  -1.1997302e-01   1.5466758e-01
  -1.2747133e-01   1.5932276e-01
  -1.3496964e-01   1.6413133e-01
  -1.4246796e-01   1.6910479e-01
  -1.4996627e-01   1.7425552e-01
  -1.5746458e-01   1.7959693e-01
  -1.6496289e-01   1.8514359e-01
  -1.7246121e-01   1.9091133e-01
  -1.7995952e-01   1.9691745e-01
  -1.8745783e-01   2.0318085e-01
  -1.9495614e-01   2.0972226e-01
  -2.0245446e-01   2.1656447e-01
  -2.0995277e-01   2.2373264e-01
  -2.1745108e-01   2.3125456e-01
  -2.2494939e-01   2.3916109e-01
  -2.3244771e-01   2.4748656e-01
  -2.3994602e-01   2.5626931e-01
  -2.4744433e-01   2.6555231e-01
  -2.5494265e-01   2.7538386e-01
  -2.6244096e-01   2.8581854e-01
  -2.6993927e-01   2.9691822e-01
  -2.7743758e-01   3.0875340e-01
  -2.8493590e-01   3.2140477e-01
  -2.9243421e-01   3.3496523e-01
  -2.9993252e-01   3.4954237e-01
  -3.0743083e-01   3.6526156e-01
  -3.1492915e-01   3.8227002e-01
  -3.2242746e-01   4.0074194e-01
  -3.2992577e-01   4.2088527e-01
  -3.3742408e-01   4.4295048e-01
  -3.4492240e-01   4.6724208e-01
  -3.5242071e-01   4.9413373e-01
  -3.5991902e-01   5.2408773e-01
  -3.6741734e-01   5.5768001e-01
  -3.7491565e-01   5.9563165e-01
  -3.8241396e-01   6.3884854e-01
  -3.8991227e-01   6.8847119e-01
  -3.9740442e-01   7.4587000e-01
  -4.0485372e-01   8.1242964e-01
  -4.1219438e-01   8.8940207e-01
  -4.1935860e-01   9.7799751e-01
  -4.2628514e-01   1.0794775e+00
  -4.3292123e-01   1.1953154e+00
  -4.3922384e-01   1.3274408e+00
  -4.4516030e-01   1.4784910e+00
  -4.5070838e-01   1.6519886e+00
  -4.5585574e-01   1.8524170e+00
  -4.6059905e-01   2.0852196e+00
  -4.6494277e-01   2.3567783e+00
  -4.6889784e-01   2.6744197e+00
  -4.7248026e-01   3.0464830e+00
  -4.7570984e-01   3.4824742e+00
  -4.7860893e-01   3.9933265e+00
  -4.8120137e-01   4.5917760e+00
  -4.8351168e-01   5.2928499e+00
  -4.8556427e-01   6.1144573e+00
  -4.8738293e-01   7.0780653e+00
  -4.8899045e-01   8.2094547e+00
  -4.9040832e-01   9.5395407e+00
  -4.9165656e-01   1.1105219e+01
  -4.9275365e-01   1.2950101e+01
  -4.9371649e-01   1.5124791e+01
  -4.9456043e-01   1.7685948e+01
  -4.9529932e-01   2.0692666e+01
  -4.9594561e-01   2.4197630e+01
  -4.9651042e-01   2.8229319e+01
  -4.9700365e-01   3.2760791e+01
  -4.9743408e-01   3.7661734e+01
  -4.9780951e-01   4.2634992e+01
  -4.9813679e-01   4.7146698e+01
  -4.9842197e-01   5.0366581e+01
  -4.9867038e-01   5.1133426e+01
  -4.9888669e-01   4.7941699e+01
  -4.9907499e-01   3.8908655e+01
  -4.9923887e-01   2.1634818e+01
  -4.9938146e-01  -7.1871020e+00
  -4.9950550e-01  -5.2675938e+01
  -4.9961340e-01  -1.2378223e+02
  -4.9970723e-01  -2.3817290e+02
  -4.9978883e-01  -4.3607769e+02
  -4.9985977e-01  -8.2954853e+02
  -4.9992145e-01  -1.8482036e+03
  -4.9997507e-01  -6.8173135e+03
