   4.9997507e-01   2.8277799e+00
   4.9992145e-01   2.1775734e+00
   4.9985977e-01   1.8523697e+00
   4.9978883e-01   1.6561541e+00
   4.9970723e-01   1.5165853e+00
   4.9961340e-01   1.4060567e+00
   4.9950550e-01   1.3128181e+00
   4.9938146e-01   1.2310351e+00
   4.9923887e-01   1.1573752e+00
   4.9907499e-01   1.0897340e+00
   4.9888669e-01   1.0266880e+00
   4.9867038e-01   9.6722368e-01
   4.9842197e-01   9.1059002e-01
   4.9813678e-01   8.5621195e-01
   4.9780950e-01   8.0363658e-01
   4.9743408e-01   7.5249883e-01
   4.9700364e-01   7.0249894e-01
   4.9651041e-01   6.5338794e-01
   4.9594561e-01   6.0495881e-01
   4.9529932e-01   5.5704219e-01
   4.9456042e-01   5.0950598e-01
   4.9371648e-01   4.6225826e-01
   4.9275364e-01   4.1525324e-01
   4.9165655e-01   3.6849924e-01
   4.9040831e-01   3.2206759e-01
   4.8899044e-01   2.7610069e-01
   4.8738291e-01   2.3081696e-01
   4.8556425e-01   1.8651050e-01
   4.8351166e-01   1.4354337e-01
   4.8120136e-01   1.0232954e-01
   4.7860891e-01   6.3310949e-02
   4.7570982e-01   2.6927622e-02
   4.7248024e-01  -6.4143963e-03
   4.6889781e-01  -3.6373304e-02
   4.6494275e-01  -6.2695990e-02
   4.6059902e-01  -8.5234007e-02
   4.5585571e-01  -1.0395010e-01
   4.5070835e-01  -1.1891584e-01
   4.4516027e-01  -1.3030209e-01
   4.3922381e-01  -1.3836409e-01
   4.3292120e-01  -1.4342328e-01
   4.2628511e-01  -1.4584722e-01
   4.1935856e-01  -1.4602892e-01
   4.1219434e-01  -1.4436711e-01
   4.0485369e-01  -1.4124554e-01
   3.9740439e-01  -1.3701486e-01
   3.8991224e-01  -1.3203223e-01
   3.8241393e-01  -1.2657830e-01
   3.7491562e-01  -1.2081007e-01
   3.6741730e-01  -1.1484496e-01
   3.5991899e-01  -1.0877592e-01
   3.5242068e-01  -1.0267348e-01
   3.4492237e-01  -9.6590516e-02
   3.3742405e-01  -9.0566208e-02
   3.2992574e-01  -8.4629141e-02
   3.2242743e-01  -7.8799710e-02
   3.1492911e-01  -7.3091975e-02
   3.0743080e-01  -6.7515100e-02
   2.9993249e-01  -6.2074466e-02
   2.9243418e-01  -5.6772545e-02
   2.8493586e-01  -5.1609576e-02
   2.7743755e-01  -4.6584100e-02
   2.6993924e-01  -4.1693375e-02
   2.6244093e-01  -3.6933703e-02
   2.5494261e-01  -3.2300687e-02
   2.4744430e-01  -2.7789432e-02
   2.3994599e-01  -2.3394704e-02
   2.3244768e-01  -1.9111046e-02
   2.2494936e-01  -1.4932878e-02
   2.1745105e-01  -1.0854568e-02
   2.0995274e-01  -6.8704868e-03
   2.0245443e-01  -2.9750486e-03
   1.9495611e-01   8.3725769e-04
   1.8745780e-01   4.5718474e-03
   1.7995949e-01   8.2340256e-03
   1.7246117e-01   1.1828978e-02
   1.6496286e-01   1.5361767e-02
   1.5746455e-01   1.8837330e-02
   1.4996624e-01   2.2260480e-02
   1.4246792e-01   2.5635912e-02
   1.3496961e-01   2.8968208e-02
   1.2747130e-01   3.2261839e-02
   1.1997299e-01   3.5521182e-02
   1.1247467e-01   3.8750521e-02
   1.0497636e-01   4.1954059e-02
   9.7478048e-02   4.5135928e-02
   8.9979736e-02   4.8300203e-02
   8.2481423e-02   5.1450904e-02
   7.4983110e-02   5.4592019e-02
   6.7484798e-02   5.7727504e-02
   5.9986485e-02   6.0861303e-02
   5.2488173e-02   6.3997360e-02
   4.4989860e-02   6.7139625e-02
   3.7491547e-02   7.0292075e-02
   2.9993235e-02   7.3458725e-02
   2.2494922e-02   7.6643640e-02
   1.4996609e-02   7.9850955e-02
   7.4982967e-03   8.3084885e-02
  -1.5895382e-08   8.6349750e-02
  -7.4983285e-03   8.9649984e-02
  -1.4996641e-02   9.2990162e-02
  -2.2494954e-02   9.6375016e-02
  -2.9993266e-02   9.9809461e-02
  -3.7491579e-02   1.0329862e-01
  -4.4989892e-02   1.0684783e-01
  -5.2488204e-02   1.1046273e-01
  -5.9986517e-02   1.1414922e-01
  -6.7484830e-02   1.1791353e-01
  -7.4983142e-02   1.2176229e-01
  -8.2481455e-02   1.2570251e-01
  -8.9979768e-02   1.2974170e-01
  -9.7478080e-02   1.3388786e-01
  -1.0497639e-01   1.3814960e-01
  -1.1247471e-01   1.4253616e-01
  -1.1997302e-01   1.4705753e-01
  -1.2747133e-01   1.5172452e-01
  -1.3496964e-01   1.5654888e-01
  -1.4246796e-01   1.6154336e-01
  -1.4996627e-01   1.6672192e-01
  -1.5746458e-01   1.7209980e-01
  -1.6496289e-01   1.7769371e-01
  -1.7246121e-01   1.8352200e-01
  -1.7995952e-01   1.8960486e-01
  -1.8745783e-01   1.9596454e-01
  -1.9495614e-01   2.0262554e-01
  -2.0245446e-01   2.0961490e-01
  -2.0995277e-01   2.1696246e-01
  -2.1745108e-01   2.2470112e-01
  -2.2494939e-01   2.3286717e-01
  -2.3244771e-01   2.4150059e-01
  -2.3994602e-01   2.5064539e-01
  -2.4744433e-01   2.6034995e-01
  -2.5494265e-01   2.7066746e-01
  -2.6244096e-01   2.8165631e-01
  -2.6993927e-01   2.9338065e-01
  -2.7743758e-01   3.0591107e-01
  -2.8493590e-01   3.1932535e-01
  -2.9243421e-01   3.3370967e-01
  -2.9993252e-01   3.4916008e-01
  -3.0743083e-01   3.6578458e-01
  -3.1492915e-01   3.8370602e-01
  -3.2242746e-01   4.0306593e-01
  -3.2992577e-01   4.2402996e-01
  -3.3742408e-01   4.4679507e-01
  -3.4492240e-01   4.7159932e-01
  -3.5242071e-01   4.9873505e-01
  -3.5991902e-01   5.2856670e-01
  -3.6741734e-01   5.6155490e-01
  -3.7491565e-01   5.9828974e-01
  -3.8241396e-01   6.3953760e-01
  -3.8991227e-01   6.8630004e-01
  -3.9740442e-01   7.3982483e-01
  -4.0485372e-01   8.0149938e-01
  -4.1219438e-01   8.7282804e-01
  -4.1935860e-01   9.5555249e-01
  -4.2628514e-01   1.0517193e+00
  -4.3292123e-01   1.1637164e+00
  -4.3922384e-01   1.2943133e+00
  -4.4516030e-01   1.4467125e+00
  -4.5070838e-01   1.6246188e+00
  -4.5585574e-01   1.8323286e+00
  -4.6059905e-01   2.0748432e+00
  -4.6494277e-01   2.3579999e+00
  -4.6889784e-01   2.6886148e+00
  -4.7248026e-01   3.0746149e+00
  -4.7570984e-01   3.5251227e+00
  -4.7860893e-01   4.0504209e+00
  -4.8120137e-01   4.6616679e+00
  -4.8351168e-01   5.3701466e+00
  -4.8556427e-01   6.1857164e+00
  -4.8738293e-01   7.1140341e+00
  -4.8899045e-01   8.1520985e+00
  -4.9040832e-01   9.2818800e+00
  -4.9165656e-01   1.0462346e+01
  -4.9275365e-01   1.1621067e+01
  -4.9371649e-01   1.2647485e+01
  -4.9456043e-01   1.3390197e+01
  -4.9529932e-01   1.3659679e+01
  -4.9594561e-01   1.3235618e+01
  -4.9651042e-01   1.1875410e+01
  -4.9700365e-01   9.3186785e+00
  -4.9743408e-01   5.2827568e+00
  -4.9780951e-01  -5.5443704e-01
  -4.9813679e-01  -8.5863785e+00
  -4.9842197e-01  -1.9327359e+01
  -4.9867038e-01  -3.3485204e+01
  -4.9888669e-01  -5.2070475e+01
  -4.9907499e-01  -7.6569542e+01
  -4.9923887e-01  -1.0923709e+02
  -4.9938146e-01  -1.5362527e+02
  -4.9950550e-01  -2.1561508e+02
  -4.9961340e-01  -3.0561690e+02
  -4.9970723e-01  -4.4385437e+02
  -4.9978883e-01  -6.7526478e+02
  -4.9985977e-01  -1.1219217e+03
  -4.9992145e-01  -2.2410482e+03
  -4.9997507e-01  -7.4821311e+03
