   4.9997507e-01   2.4646233e+00
   4.9992145e-01   1.8586104e+00
   4.9985977e-01   1.6956838e+00
   4.9978883e-01   1.5696707e+00
   4.9970723e-01   1.4670527e+00
   4.9961340e-01   1.3795814e+00
   4.9950550e-01   1.3025641e+00
   4.9938146e-01   1.2331141e+00
   4.9923887e-01   1.1693328e+00
   4.9907499e-01   1.1099018e+00
   4.9888669e-01   1.0538634e+00
   4.9867038e-01   1.0004941e+00
   4.9842197e-01   9.4922799e-01
   4.9813678e-01   8.9960822e-01
   4.9780950e-01   8.5125485e-01
   4.9743408e-01   8.0384361e-01
   4.9700364e-01   7.5709167e-01
   4.9651041e-01   7.1074865e-01
   4.9594561e-01   6.6459199e-01
   4.9529932e-01   6.1842620e-01
   4.9456042e-01   5.7208606e-01
   4.9371648e-01   5.2544363e-01
   4.9275364e-01   4.7841892e-01
   4.9165655e-01   4.3099357e-01
   4.9040831e-01   3.8322606e-01
   4.8899044e-01   3.3526604e-01
   4.8738291e-01   2.8736478e-01
   4.8556425e-01   2.3987789e-01
   4.8351166e-01   1.9325739e-01
   4.8120136e-01   1.4803112e-01
   4.7860891e-01   1.0477004e-01
   4.7570982e-01   6.4046805e-02
   4.7248024e-01   2.6391261e-02
   4.6889781e-01  -7.7504260e-03
   4.6494275e-01  -3.8046964e-02
   4.6059902e-01  -6.4299829e-02
   4.5585571e-01  -8.6447256e-02
   4.5070835e-01  -1.0455635e-01
   4.4516027e-01  -1.1880678e-01
   4.3922381e-01  -1.2946975e-01
   4.3292120e-01  -1.3688504e-01
   4.2628511e-01  -1.4143819e-01
   4.1935856e-01  -1.4353848e-01
   4.1219434e-01  -1.4359951e-01
   4.0485369e-01  -1.4201994e-01
   3.9740439e-01  -1.3914717e-01
   3.8991224e-01  -1.3536244e-01
   3.8241393e-01  -1.3098986e-01
   3.7491562e-01  -1.2618697e-01
   3.6741730e-01  -1.2108206e-01
   3.5991899e-01  -1.1578145e-01
   3.5242068e-01  -1.1036684e-01
   3.4492237e-01  -1.0490052e-01
   3.3742405e-01  -9.9429675e-02
   3.2992574e-01  -9.3989761e-02
   3.2242743e-01  -8.8607085e-02
   3.1492911e-01  -8.3300830e-02
   3.0743080e-01  -7.8084617e-02
   2.9993249e-01  -7.2967717e-02
   2.9243418e-01  -6.7956008e-02
   2.8493586e-01  -6.3052722e-02
   2.7743755e-01  -5.8259033e-02
   2.6993924e-01  -5.3574524e-02
   2.6244093e-01  -4.8997558e-02
   2.5494261e-01  -4.4525562e-02
   2.4744430e-01  -4.0155265e-02
   2.3994599e-01  -3.5882878e-02
   2.3244768e-01  -3.1704237e-02
   2.2494936e-01  -2.7614916e-02
   2.1745105e-01  -2.3610321e-02
   2.0995274e-01  -1.9685753e-02
   2.0245443e-01  -1.5836465e-02
   1.9495611e-01  -1.2057702e-02
   1.8745780e-01  -8.3447330e-03
   1.7995949e-01  -4.6928725e-03
   1.7246117e-01  -1.0974964e-03
   1.6496286e-01   2.4459468e-03
   1.5746455e-01   5.9419300e-03
   1.4996624e-01   9.3948438e-03
   1.4246792e-01   1.2808997e-02
   1.3496961e-01   1.6188619e-02
   1.2747130e-01   1.9537862e-02
   1.1997299e-01   2.2860807e-02
   1.1247467e-01   2.6161474e-02
   1.0497636e-01   2.9443821e-02
   9.7478048e-02   3.2711764e-02
   8.9979736e-02   3.5969175e-02
   8.2481423e-02   3.9219899e-02
   7.4983110e-02   4.2467762e-02
   6.7484798e-02   4.5716583e-02
   5.9986485e-02   4.8970184e-02
   5.2488173e-02   5.2232404e-02
   4.4989860e-02   5.5507109e-02
   3.7491547e-02   5.8798211e-02
   2.9993235e-02   6.2109674e-02
   2.2494922e-02   6.5445538e-02
   1.4996609e-02   6.8809927e-02
   7.4982967e-03   7.2207071e-02
  -1.5895382e-08   7.5641323e-02
  -7.4983285e-03   7.9117174e-02
  -1.4996641e-02   8.2639279e-02
  -2.2494954e-02   8.6212476e-02
  -2.9993266e-02   8.9841811e-02
  -3.7491579e-02   9.3532560e-02
  -4.4989892e-02   9.7290261e-02
  -5.2488204e-02   1.0112074e-01
  -5.9986517e-02   1.0503014e-01
  -6.7484830e-02   1.0902496e-01
  -7.4983142e-02   1.1311210e-01
  -8.2481455e-02   1.1729886e-01
  -8.9979768e-02   1.2159305e-01
  -9.7478080e-02   1.2600297e-01
  -1.0497639e-01   1.3053750e-01
  -1.1247471e-01   1.3520612e-01
  -1.1997302e-01   1.4001900e-01
  -1.2747133e-01   1.4498704e-01
  -1.3496964e-01   1.5012192e-01
  -1.4246796e-01   1.5543621e-01
  -1.4996627e-01   1.6094341e-01
  -1.5746458e-01   1.6665805e-01
  -1.6496289e-01   1.7259577e-01
  -1.7246121e-01   1.7877343e-01
  -1.7995952e-01   1.8520922e-01
  -1.8745783e-01   1.9192278e-01
  -1.9495614e-01   1.9893539e-01
  -2.0245446e-01   2.0627009e-01
  -2.0995277e-01   2.1395191e-01
  -2.1745108e-01   2.2200813e-01
  -2.2494939e-01   2.3046855e-01
  -2.3244771e-01   2.3936586e-01
  -2.3994602e-01   2.4873611e-01
  -2.4744433e-01   2.5861917e-01
  -2.5494265e-01   2.6905945e-01
  -2.6244096e-01   2.8010670e-01
  -2.6993927e-01   2.9181697e-01
  -2.7743758e-01   3.0425388e-01
  -2.8493590e-01   3.1749011e-01
  -2.9243421e-01   3.3160928e-01
  -2.9993252e-01   3.4670830e-01
  -3.0743083e-01   3.6290027e-01
  -3.1492915e-01   3.8031811e-01
  -3.2242746e-01   3.9911913e-01
  -3.2992577e-01   4.1949089e-01
  -3.3742408e-01   4.4165853e-01
  -3.4492240e-01   4.6589444e-01
  -3.5242071e-01   4.9253069e-01
  -3.5991902e-01   5.2197564e-01
  -3.6741734e-01   5.5473619e-01
  -3.7491565e-01   5.9144842e-01
  -3.8241396e-01   6.3292139e-01
  -3.8991227e-01   6.8019036e-01
  -3.9740442e-01   7.3452193e-01
  -4.0485372e-01   7.9734186e-01
  -4.1219438e-01   8.7012419e-01
  -4.1935860e-01   9.5454323e-01
  -4.2628514e-01   1.0525536e+00
  -4.3292123e-01   1.1664319e+00
  -4.3922384e-01   1.2988301e+00
  -4.4516030e-01   1.4528421e+00
  -4.5070838e-01   1.6320863e+00
  -4.5585574e-01   1.8408089e+00
  -4.6059905e-01   2.0840082e+00
  -4.6494277e-01   2.3675837e+00
  -4.6889784e-01   2.6985076e+00
  -4.7248026e-01   3.0850172e+00
  -4.7570984e-01   3.5368175e+00
  -4.7860893e-01   4.0652712e+00
  -4.8120137e-01   4.6835221e+00
  -4.8351168e-01   5.4064474e+00
  -4.8556427e-01   6.2502459e+00
  -4.8738293e-01   7.2313452e+00
  -4.8899045e-01   8.3641662e+00
  -4.9040832e-01   9.6571839e+00
  -4.9165656e-01   1.1106788e+01
  -4.9275365e-01   1.2688853e+01
  -4.9371649e-01   1.4348769e+01
  -4.9456043e-01   1.5991839e+01
  -4.9529932e-01   1.7476844e+01
  -4.9594561e-01   1.8615409e+01
  -4.9651042e-01   1.9177959e+01
  -4.9700365e-01   1.8903928e+01
  -4.9743408e-01   1.7510909e+01
  -4.9780951e-01   1.4696121e+01
  -4.9813679e-01   1.0124337e+01
  -4.9842197e-01   3.3980287e+00
  -4.9867038e-01  -5.9942685e+00
  -4.9888669e-01  -1.8758515e+01
  -4.9907499e-01  -3.5920789e+01
  -4.9923887e-01  -5.9033064e+01
  -4.9938146e-01  -9.0534800e+01
  -4.9950550e-01  -1.3444001e+02
  -4.9961340e-01  -1.9776323e+02
  -4.9970723e-01  -2.9381637e+02
  -4.9978883e-01  -4.5101061e+02
  -4.9985977e-01  -7.4174527e+02
  -4.9992145e-01  -1.4217863e+03
  -4.9997507e-01  -5.1290377e+03
