   4.9997507e-01   1.6859886e+00
   4.9992145e-01   1.3365529e+00
   4.9985977e-01   1.1720377e+00
   4.9978883e-01   1.0686246e+00
   4.9970723e-01   9.9267306e-01
   4.9961340e-01   9.3183037e-01
   4.9950550e-01   8.8042105e-01
   4.9938146e-01   8.3542969e-01
   4.9923887e-01   7.9506874e-01
   4.9907499e-01   7.5819048e-01
   4.9888669e-01   7.2401284e-01
   4.9867038e-01   6.9197755e-01
   4.9842197e-01   6.6167067e-01
   4.9813678e-01   6.3277508e-01
   4.9780950e-01   6.0504070e-01
   4.9743408e-01   5.7826497e-01
   4.9700364e-01   5.5227969e-01
   4.9651041e-01   5.2694184e-01
   4.9594561e-01   5.0212704e-01
   4.9529932e-01   4.7772487e-01
   4.9456042e-01   4.5363548e-01
   4.9371648e-01   4.2976732e-01
   4.9275364e-01   4.0603574e-01
   4.9165655e-01   3.8236251e-01
   4.9040831e-01   3.5867627e-01
   4.8899044e-01   3.3491412e-01
   4.8738291e-01   3.1102438e-01
   4.8556425e-01   2.8697063e-01
   4.8351166e-01   2.6273698e-01
   4.8120136e-01   2.3833414e-01
   4.7860891e-01   2.1380582e-01
   4.7570982e-01   1.8923435e-01
   4.7248024e-01   1.6474431e-01
   4.6889781e-01   1.4050287e-01
   4.6494275e-01   1.1671575e-01
   4.6059902e-01   9.3618228e-02
   4.5585571e-01   7.1461636e-02
   4.5070835e-01   5.0496501e-02
   4.4516027e-01   3.0954471e-02
   4.3922381e-01   1.3031397e-02
   4.3292120e-01  -3.1261920e-03
   4.2628511e-01  -1.7429605e-02
   4.1935856e-01  -2.9850747e-02
   4.1219434e-01  -4.0419106e-02
   4.0485369e-01  -4.9213437e-02
   3.9740439e-01  -5.6349600e-02
   3.8991224e-01  -6.2002251e-02
   3.8241393e-01  -6.6415736e-02
   3.7491562e-01  -6.9750539e-02
   3.6741730e-01  -7.2155296e-02
   3.5991899e-01  -7.3762623e-02
   3.5242068e-01  -7.4684813e-02
   3.4492237e-01  -7.5017268e-02
   3.3742405e-01  -7.4841354e-02
   3.2992574e-01  -7.4226717e-02
   3.2242743e-01  -7.3233159e-02
   3.1492911e-01  -7.1912168e-02
   3.0743080e-01  -7.0308175e-02
   2.9993249e-01  -6.8459586e-02
   2.9243418e-01  -6.6399649e-02
   2.8493586e-01  -6.4157173e-02
   2.7743755e-01  -6.1757136e-02
   2.6993924e-01  -5.9221197e-02
   2.6244093e-01  -5.6568136e-02
   2.5494261e-01  -5.3814222e-02
   2.4744430e-01  -5.0973534e-02
   2.3994599e-01  -4.8058237e-02
   2.3244768e-01  -4.5078815e-02
   2.2494936e-01  -4.2044279e-02
   2.1745105e-01  -3.8962341e-02
   2.0995274e-01  -3.5839570e-02
   2.0245443e-01  -3.2681526e-02
   1.9495611e-01  -2.9492875e-02
   1.8745780e-01  -2.6277492e-02
   1.7995949e-01  -2.3038549e-02
   1.7246117e-01  -1.9778593e-02
   1.6496286e-01  -1.6499614e-02
   1.5746455e-01  -1.3203101e-02
   1.4996624e-01  -9.8900976e-03
   1.4246792e-01  -6.5612444e-03
   1.3496961e-01  -3.2168178e-03
   1.2747130e-01   1.4323634e-04
   1.1997299e-01   3.5192734e-03
   1.1247467e-01   6.9119256e-03
   1.0497636e-01   1.0322081e-02
   9.7478048e-02   1.3750866e-02
   8.9979736e-02   1.7199631e-02
   8.2481423e-02   2.0669938e-02
   7.4983110e-02   2.4163552e-02
   6.7484798e-02   2.7682436e-02
   5.9986485e-02   3.1228741e-02
   5.2488173e-02   3.4804812e-02
   4.4989860e-02   3.8413181e-02
   3.7491547e-02   4.2056569e-02
   2.9993235e-02   4.5737895e-02
   2.2494922e-02   4.9460274e-02
   1.4996609e-02   5.3227031e-02
   7.4982967e-03   5.7041705e-02
  -1.5895382e-08   6.0908062e-02
  -7.4983285e-03   6.4830106e-02
  -1.4996641e-02   6.8812098e-02
  -2.2494954e-02   7.2858566e-02
  -2.9993266e-02   7.6974332e-02
  -3.7491579e-02   8.1164522e-02
  -4.4989892e-02   8.5434600e-02
  -5.2488204e-02   8.9790386e-02
  -5.9986517e-02   9.4238084e-02
  -6.7484830e-02   9.8784316e-02
  -7.4983142e-02   1.0343615e-01
  -8.2481455e-02   1.0820114e-01
  -8.9979768e-02   1.1308736e-01
  -9.7478080e-02   1.1810345e-01
  -1.0497639e-01   1.2325865e-01
  -1.1247471e-01   1.2856286e-01
  -1.1997302e-01   1.3402671e-01
  -1.2747133e-01   1.3966156e-01
  -1.3496964e-01   1.4547964e-01
  -1.4246796e-01   1.5149404e-01
  -1.4996627e-01   1.5771887e-01
  -1.5746458e-01   1.6416927e-01
  -1.6496289e-01   1.7086155e-01
  -1.7246121e-01   1.7781330e-01
  -1.7995952e-01   1.8504349e-01
  -1.8745783e-01   1.9257265e-01
  -1.9495614e-01   2.0042299e-01
  -2.0245446e-01   2.0861866e-01
  -2.0995277e-01   2.1718593e-01
  -2.1745108e-01   2.2615351e-01
  -2.2494939e-01   2.3555285e-01
  -2.3244771e-01   2.4541858e-01
  -2.3994602e-01   2.5578896e-01
  -2.4744433e-01   2.6670649e-01
  -2.5494265e-01   2.7821862e-01
  -2.6244096e-01   2.9037861e-01
  -2.6993927e-01   3.0324663e-01
  -2.7743758e-01   3.1689101e-01
  -2.8493590e-01   3.3138990e-01
  -2.9243421e-01   3.4683321e-01
  -2.9993252e-01   3.6332512e-01
  -3.0743083e-01   3.8098708e-01
  -3.1492915e-01   3.9996170e-01
  -3.2242746e-01   4.2041759e-01
  -3.2992577e-01   4.4255552e-01
  -3.3742408e-01   4.6661633e-01
  -3.4492240e-01   4.9289125e-01
  -3.5242071e-01   5.2173532e-01
  -3.5991902e-01   5.5358539e-01
  -3.6741734e-01   5.8898441e-01
  -3.7491565e-01   6.2861484e-01
  -3.8241396e-01   6.7334560e-01
  -3.8991227e-01   7.2428335e-01
  -3.9740442e-01   7.8277276e-01
  -4.0485372e-01   8.5035353e-01
  -4.1219438e-01   9.2862170e-01
  -4.1935860e-01   1.0193989e+00
  -4.2628514e-01   1.1248232e+00
  -4.3292123e-01   1.2473946e+00
  -4.3922384e-01   1.3900303e+00
  -4.4516030e-01   1.5561244e+00
  -4.5070838e-01   1.7496111e+00
  -4.5585574e-01   1.9750196e+00
  -4.6059905e-01   2.2375047e+00
  -4.6494277e-01   2.5428198e+00
  -4.6889784e-01   2.8971767e+00
  -4.7248026e-01   3.3069115e+00
  -4.7570984e-01   3.7778395e+00
  -4.7860893e-01   4.3141671e+00
  -4.8120137e-01   4.9168286e+00
  -4.8351168e-01   5.5811888e+00
  -4.8556427e-01   6.2941964e+00
  -4.8738293e-01   7.0312966e+00
  -4.8899045e-01   7.7536512e+00
  -4.9040832e-01   8.4063457e+00
  -4.9165656e-01   8.9181525e+00
  -4.9275365e-01   9.2030005e+00
  -4.9371649e-01   9.1626657e+00
  -4.9456043e-01   8.6895856e+00
  -4.9529932e-01   7.6683756e+00
  -4.9594561e-01   5.9747114e+00
  -4.9651042e-01   3.4706224e+00
  -4.9700365e-01  -4.3633112e-03
  -4.9743408e-01  -4.6466668e+00
  -4.9780951e-01  -1.0707536e+01
  -4.9813679e-01  -1.8519210e+01
  -4.9842197e-01  -2.8532079e+01
  -4.9867038e-01  -4.1369730e+01
  -4.9888669e-01  -5.7914452e+01
  -4.9907499e-01  -7.9446662e+01
  -4.9923887e-01  -1.0788413e+02
  -4.9938146e-01  -1.4621660e+02
  -4.9950550e-01  -1.9935108e+02
  -4.9961340e-01  -2.7590290e+02
  -4.9970723e-01  -3.9244115e+02
  -4.9978883e-01  -5.8521369e+02
  -4.9985977e-01  -9.5029754e+02
  -4.9992145e-01  -1.8412155e+03
  -4.9997507e-01  -5.2883555e+03
