   4.9997507e-01   1.9329447e+00
   4.9992145e-01   1.5209315e+00
   4.9985977e-01   1.3155591e+00
   4.9978883e-01   1.1869109e+00
   4.9970723e-01   1.0929964e+00
   4.9961340e-01   1.0179168e+00
   4.9950550e-01   9.5449248e-01
   4.9938146e-01   8.9895028e-01
   4.9923887e-01   8.4906682e-01
   4.9907499e-01   8.0341962e-01
   4.9888669e-01   7.6104171e-01
   4.9867038e-01   7.2124443e-01
   4.9842197e-01   6.8351854e-01
   4.9813678e-01   6.4747558e-01
   4.9780950e-01   6.1281119e-01
   4.9743408e-01   5.7928136e-01
   4.9700364e-01   5.4668645e-01
   4.9651041e-01   5.1486027e-01
   4.9594561e-01   4.8366248e-01
   4.9529932e-01   4.5297347e-01
   4.9456042e-01   4.2269094e-01
   4.9371648e-01   3.9272822e-01
   4.9275364e-01   3.6301385e-01
   4.9165655e-01   3.3349269e-01
   4.9040831e-01   3.0412833e-01
   4.8899044e-01   2.7490681e-01
   4.8738291e-01   2.4584130e-01
   4.8556425e-01   2.1697715e-01
   4.8351166e-01   1.8839657e-01
   4.8120136e-01   1.6022177e-01
   4.7860891e-01   1.3261534e-01
   4.7570982e-01   1.0577691e-01
   4.7248024e-01   7.9935256e-02
   4.6889781e-01   5.5336112e-02
   4.6494275e-01   3.2226504e-02
   4.6059902e-01   1.0837331e-02
   4.5585571e-01  -8.6335992e-03
   4.5070835e-01  -2.6035913e-02
   4.4516027e-01  -4.1276677e-02
   4.3922381e-01  -5.4325169e-02
   4.3292120e-01  -6.5212350e-02
   4.2628511e-01  -7.4025704e-02
   4.1935856e-01  -8.0900483e-02
   4.1219434e-01  -8.6008468e-02
   4.0485369e-01  -8.9543649e-02
   3.9740439e-01  -9.1711841e-02
   3.8991224e-01  -9.2753244e-02
   3.8241393e-01  -9.2895009e-02
   3.7491562e-01  -9.2300889e-02
   3.6741730e-01  -9.1103997e-02
   3.5991899e-01  -8.9414953e-02
   3.5242068e-01  -8.7324357e-02
   3.4492237e-01  -8.4906561e-02
   3.3742405e-01  -8.2222807e-02
   3.2992574e-01  -7.9323702e-02
   3.2242743e-01  -7.6251185e-02
   3.1492911e-01  -7.3040083e-02
   3.0743080e-01  -6.9719352e-02
   2.9993249e-01  -6.6313084e-02
   2.9243418e-01  -6.2841313e-02
   2.8493586e-01  -5.9320684e-02
   2.7743755e-01  -5.5764990e-02
   2.6993924e-01  -5.2185625e-02
   2.6244093e-01  -4.8591957e-02
   2.5494261e-01  -4.4991637e-02
   2.4744430e-01  -4.1390855e-02
   2.3994599e-01  -3.7794566e-02
   2.3244768e-01  -3.4206665e-02
   2.2494936e-01  -3.0630144e-02
   2.1745105e-01  -2.7067226e-02
   2.0995274e-01  -2.3519473e-02
   2.0245443e-01  -1.9987877e-02
   1.9495611e-01  -1.6472946e-02
   1.8745780e-01  -1.2974767e-02
   1.7995949e-01  -9.4930650e-03
   1.7246117e-01  -6.0272516e-03
   1.6496286e-01  -2.5764661e-03
   1.5746455e-01   8.6038913e-04
   1.4996624e-01   4.2846196e-03
   1.4246792e-01   7.6977139e-03
   1.3496961e-01   1.1101323e-02
   1.2747130e-01   1.4497244e-02
   1.1997299e-01   1.7887405e-02
   1.1247467e-01   2.1273854e-02
   1.0497636e-01   2.4658753e-02
   9.7478048e-02   2.8044367e-02
   8.9979736e-02   3.1433063e-02
   8.2481423e-02   3.4827307e-02
   7.4983110e-02   3.8229660e-02
   6.7484798e-02   4.1642780e-02
   5.9986485e-02   4.5069425e-02
   5.2488173e-02   4.8512456e-02
   4.4989860e-02   5.1974836e-02
   3.7491547e-02   5.5459645e-02
   2.9993235e-02   5.8970078e-02
   2.2494922e-02   6.2509459e-02
   1.4996609e-02   6.6081248e-02
   7.4982967e-03   6.9689053e-02
  -1.5895382e-08   7.3336643e-02
  -7.4983285e-03   7.7027959e-02
  -1.4996641e-02   8.0767135e-02
  -2.2494954e-02   8.4558513e-02
  -2.9993266e-02   8.8406662e-02
  -3.7491579e-02   9.2316403e-02
  -4.4989892e-02   9.6292835e-02
  -5.2488204e-02   1.0034136e-01
  -5.9986517e-02   1.0446771e-01
  -6.7484830e-02   1.0867802e-01
  -7.4983142e-02   1.1297879e-01
  -8.2481455e-02   1.1737701e-01
  -8.9979768e-02   1.2188019e-01
  -9.7478080e-02   1.2649639e-01
  -1.0497639e-01   1.3123432e-01
  -1.1247471e-01   1.3610339e-01
  -1.1997302e-01   1.4111382e-01
  -1.2747133e-01   1.4627672e-01
  -1.3496964e-01   1.5160422e-01
  -1.4246796e-01   1.5710955e-01
  -1.4996627e-01   1.6280726e-01
  -1.5746458e-01   1.6871330e-01
  -1.6496289e-01   1.7484522e-01
  -1.7246121e-01   1.8122240e-01
  -1.7995952e-01   1.8786622e-01
  -1.8745783e-01   1.9480033e-01
  -1.9495614e-01   2.0205089e-01
  -2.0245446e-01   2.0964685e-01
  -2.0995277e-01   2.1762025e-01
  -2.1745108e-01   2.2600649e-01
  -2.2494939e-01   2.3484473e-01
  -2.3244771e-01   2.4417812e-01
  -2.3994602e-01   2.5405425e-01
  -2.4744433e-01   2.6452539e-01
  -2.5494265e-01   2.7564898e-01
  -2.6244096e-01   2.8748795e-01
  -2.6993927e-01   3.0011125e-01
  -2.7743758e-01   3.1359444e-01
  -2.8493590e-01   3.2802040e-01
  -2.9243421e-01   3.4348040e-01
  -2.9993252e-01   3.6007551e-01
  -3.0743083e-01   3.7791855e-01
  -3.1492915e-01   3.9713686e-01
  -3.2242746e-01   4.1787619e-01
  -3.2992577e-01   4.4030597e-01
  -3.3742408e-01   4.6462669e-01
  -3.4492240e-01   4.9107983e-01
  -3.5242071e-01   5.1996147e-01
  -3.5991902e-01   5.5164065e-01
  -3.6741734e-01   5.8658464e-01
  -3.7491565e-01   6.2539365e-01
  -3.8241396e-01   6.6884922e-01
  -3.8991227e-01   7.1797363e-01
  -3.9740442e-01   7.7404110e-01
  -4.0485372e-01   8.3847268e-01
  -4.1219438e-01   9.1281855e-01
  -4.1935860e-01   9.9888440e-01
  -4.2628514e-01   1.0988035e+00
  -4.3292123e-01   1.2150753e+00
  -4.3922384e-01   1.3506041e+00
  -4.4516030e-01   1.5087468e+00
  -4.5070838e-01   1.6933706e+00
  -4.5585574e-01   1.9089226e+00
  -4.6059905e-01   2.1605029e+00
  -4.6494277e-01   2.4539238e+00
  -4.6889784e-01   2.7957183e+00
  -4.7248026e-01   3.1930335e+00
  -4.7570984e-01   3.6533037e+00
  -4.7860893e-01   4.1835425e+00
  -4.8120137e-01   4.7890410e+00
  -4.8351168e-01   5.4712252e+00
  -4.8556427e-01   6.2244771e+00
  -4.8738293e-01   7.0319094e+00
  -4.8899045e-01   7.8604372e+00
  -4.9040832e-01   8.6559628e+00
  -4.9165656e-01   9.3398614e+00
  -4.9275365e-01   9.8079382e+00
  -4.9371649e-01   9.9323876e+00
  -4.9456043e-01   9.5661015e+00
  -4.9529932e-01   8.5474125e+00
  -4.9594561e-01   6.7026220e+00
  -4.9651042e-01   3.8437828e+00
  -4.9700365e-01  -2.4002107e-01
  -4.9743408e-01  -5.7988633e+00
  -4.9780951e-01  -1.3146449e+01
  -4.9813679e-01  -2.2694636e+01
  -4.9842197e-01  -3.5002114e+01
  -4.9867038e-01  -5.0845553e+01
  -4.9888669e-01  -7.1329001e+01
  -4.9907499e-01  -9.8061330e+01
  -4.9923887e-01  -1.3346012e+02
  -4.9938146e-01  -1.8130356e+02
  -4.9950550e-01  -2.4780378e+02
  -4.9961340e-01  -3.4388034e+02
  -4.9970723e-01  -4.9054259e+02
  -4.9978883e-01  -7.3372427e+02
  -4.9985977e-01  -1.1951145e+03
  -4.9992145e-01  -2.3160544e+03
  -4.9997507e-01  -7.1056279e+03
