   4.9997507e-01   2.1499187e+00
   4.9992145e-01   1.6856806e+00
   4.9985977e-01   1.4539672e+00
   4.9978883e-01   1.3086797e+00
   4.9970723e-01   1.2025096e+00
   4.9961340e-01   1.1175307e+00
   4.9950550e-01   1.0456469e+00
   4.9938146e-01   9.8260219e-01
   4.9923887e-01   9.2588782e-01
   4.9907499e-01   8.7389749e-01
   4.9888669e-01   8.2553816e-01
   4.9867038e-01   7.8003035e-01
   4.9842197e-01   7.3679676e-01
   4.9813678e-01   6.9539622e-01
   4.9780950e-01   6.5548242e-01
   4.9743408e-01   6.1677723e-01
   4.9700364e-01   5.7905293e-01
   4.9651041e-01   5.4212017e-01
   4.9594561e-01   5.0581997e-01
   4.9529932e-01   4.7001867e-01
   4.9456042e-01   4.3460536e-01
   4.9371648e-01   3.9949139e-01
   4.9275364e-01   3.6461198e-01
   4.9165655e-01   3.2992957e-01
   4.9040831e-01   2.9543881e-01
   4.8899044e-01   2.6117245e-01
   4.8738291e-01   2.2720723e-01
   4.8556425e-01   1.9366858e-01
   4.8351166e-01   1.6073256e-01
   4.8120136e-01   1.2862359e-01
   4.7860891e-01   9.7606800e-02
   4.7570982e-01   6.7974834e-02
   4.7248024e-01   4.0029727e-02
   4.6889781e-01   1.4061788e-02
   4.6494275e-01  -9.6718880e-03
   4.6059902e-01  -3.0966402e-02
   4.5585571e-01  -4.9683097e-02
   4.5070835e-01  -6.5757267e-02
   4.4516027e-01  -7.9199269e-02
   4.3922381e-01  -9.0089837e-02
   4.3292120e-01  -9.8570969e-02
   4.2628511e-01  -1.0483395e-01
   4.1935856e-01  -1.0910585e-01
   4.1219434e-01  -1.1163574e-01
   4.0485369e-01  -1.1267906e-01
   3.9740439e-01  -1.1248439e-01
   3.8991224e-01  -1.1132450e-01
   3.8241393e-01  -1.0943884e-01
   3.7491562e-01  -1.0698295e-01
   3.6741730e-01  -1.0407947e-01
   3.5991899e-01  -1.0082888e-01
   3.5242068e-01  -9.7311689e-02
   3.4492237e-01  -9.3592383e-02
   3.3742405e-01  -8.9722709e-02
   3.2992574e-01  -8.5744249e-02
   3.2242743e-01  -8.1690432e-02
   3.1492911e-01  -7.7588117e-02
   3.0743080e-01  -7.3458843e-02
   2.9993249e-01  -6.9319817e-02
   2.9243418e-01  -6.5184706e-02
   2.8493586e-01  -6.1064279e-02
   2.7743755e-01  -5.6966923e-02
   2.6993924e-01  -5.2899058e-02
   2.6244093e-01  -4.8865488e-02
   2.5494261e-01  -4.4869676e-02
   2.4744430e-01  -4.0913980e-02
   2.3994599e-01  -3.6999840e-02
   2.3244768e-01  -3.3127939e-02
   2.2494936e-01  -2.9298334e-02
   2.1745105e-01  -2.5510561e-02
   2.0995274e-01  -2.1763727e-02
   2.0245443e-01  -1.8056586e-02
   1.9495611e-01  -1.4387599e-02
   1.8745780e-01  -1.0754985e-02
   1.7995949e-01  -7.1567637e-03
   1.7246117e-01  -3.5907923e-03
   1.6496286e-01  -5.4791048e-05
   1.5746455e-01   3.4536317e-03
   1.4996624e-01   6.9369611e-03
   1.4246792e-01   1.0397761e-02
   1.3496961e-01   1.3838662e-02
   1.2747130e-01   1.7262353e-02
   1.1997299e-01   2.0671574e-02
   1.1247467e-01   2.4069112e-02
   1.0497636e-01   2.7457800e-02
   9.7478048e-02   3.0840511e-02
   8.9979736e-02   3.4220166e-02
   8.2481423e-02   3.7599728e-02
   7.4983110e-02   4.0982212e-02
   6.7484798e-02   4.4370682e-02
   5.9986485e-02   4.7768262e-02
   5.2488173e-02   5.1178137e-02
   4.4989860e-02   5.4603565e-02
   3.7491547e-02   5.8047879e-02
   2.9993235e-02   6.1514500e-02
   2.2494922e-02   6.5006949e-02
   1.4996609e-02   6.8528850e-02
   7.4982967e-03   7.2083949e-02
  -1.5895382e-08   7.5676126e-02
  -7.4983285e-03   7.9309407e-02
  -1.4996641e-02   8.2987982e-02
  -2.2494954e-02   8.6716224e-02
  -2.9993266e-02   9.0498706e-02
  -3.7491579e-02   9.4340222e-02
  -4.4989892e-02   9.8245814e-02
  -5.2488204e-02   1.0222080e-01
  -5.9986517e-02   1.0627079e-01
  -6.7484830e-02   1.1040173e-01
  -7.4983142e-02   1.1461996e-01
  -8.2481455e-02   1.1893221e-01
  -8.9979768e-02   1.2334567e-01
  -9.7478080e-02   1.2786804e-01
  -1.0497639e-01   1.3250761e-01
  -1.1247471e-01   1.3727328e-01
  -1.1997302e-01   1.4217469e-01
  -1.2747133e-01   1.4722228e-01
  -1.3496964e-01   1.5242737e-01
  -1.4246796e-01   1.5780234e-01
  -1.4996627e-01   1.6336068e-01
  -1.5746458e-01   1.6911721e-01
  -1.6496289e-01   1.7508824e-01
  -1.7246121e-01   1.8129175e-01
  -1.7995952e-01   1.8774763e-01
  -1.8745783e-01   1.9447797e-01
  -1.9495614e-01   2.0150731e-01
  -2.0245446e-01   2.0886301e-01
  -2.0995277e-01   2.1657562e-01
  -2.1745108e-01   2.2467928e-01
  -2.2494939e-01   2.3321216e-01
  -2.3244771e-01   2.4221701e-01
  -2.3994602e-01   2.5174157e-01
  -2.4744433e-01   2.6183920e-01
  -2.5494265e-01   2.7256942e-01
  -2.6244096e-01   2.8399846e-01
  -2.6993927e-01   2.9619989e-01
  -2.7743758e-01   3.0925525e-01
  -2.8493590e-01   3.2325473e-01
  -2.9243421e-01   3.3829798e-01
  -2.9993252e-01   3.5449516e-01
  -3.0743083e-01   3.7196830e-01
  -3.1492915e-01   3.9085327e-01
  -3.2242746e-01   4.1130261e-01
  -3.2992577e-01   4.3348971e-01
  -3.3742408e-01   4.5761472e-01
  -3.4492240e-01   4.8391330e-01
  -3.5242071e-01   5.1266876e-01
  -3.5991902e-01   5.4422950e-01
  -3.6741734e-01   5.7903321e-01
  -3.7491565e-01   6.1764125e-01
  -3.8241396e-01   6.6078718e-01
  -3.8991227e-01   7.0943768e-01
  -3.9740442e-01   7.6480439e-01
  -4.0485372e-01   8.2824124e-01
  -4.1219438e-01   9.0123619e-01
  -4.1935860e-01   9.8554443e-01
  -4.2628514e-01   1.0832618e+00
  -4.3292123e-01   1.1968609e+00
  -4.3922384e-01   1.3292259e+00
  -4.4516030e-01   1.4836946e+00
  -4.5070838e-01   1.6641148e+00
  -4.5585574e-01   1.8749206e+00
  -4.6059905e-01   2.1212286e+00
  -4.6494277e-01   2.4089501e+00
  -4.6889784e-01   2.7449013e+00
  -4.7248026e-01   3.1368791e+00
  -4.7570984e-01   3.5936405e+00
  -4.7860893e-01   4.1246772e+00
  -4.8120137e-01   4.7396132e+00
  -4.8351168e-01   5.4469630e+00
  -4.8556427e-01   6.2519160e+00
  -4.8738293e-01   7.1527960e+00
  -4.8899045e-01   8.1359954e+00
  -4.9040832e-01   9.1695788e+00
  -4.9165656e-01   1.0196396e+01
  -4.9275365e-01   1.1128235e+01
  -4.9371649e-01   1.1842859e+01
  -4.9456043e-01   1.2185217e+01
  -4.9529932e-01   1.1972590e+01
  -4.9594561e-01   1.1001432e+01
  -4.9651042e-01   9.0521663e+00
  -4.9700365e-01   5.8879237e+00
  -4.9743408e-01   1.2441451e+00
  -4.9780951e-01  -5.1928311e+00
  -4.9813679e-01  -1.3819738e+01
  -4.9842197e-01  -2.5165905e+01
  -4.9867038e-01  -3.9965252e+01
  -4.9888669e-01  -5.9265174e+01
  -4.9907499e-01  -8.4600793e+01
  -4.9923887e-01  -1.1829127e+02
  -4.9938146e-01  -1.6397655e+02
  -4.9950550e-01  -2.2766133e+02
  -4.9961340e-01  -3.1992824e+02
  -4.9970723e-01  -4.6118521e+02
  -4.9978883e-01  -6.9615412e+02
  -4.9985977e-01  -1.1436470e+03
  -4.9992145e-01  -2.2364709e+03
  -4.9997507e-01  -6.9548277e+03
