   4.9997507e-01   2.2046903e+00
   4.9992145e-01   1.6726416e+00
   4.9985977e-01   1.5304571e+00
   4.9978883e-01   1.4199272e+00
   4.9970723e-01   1.3297877e+00
   4.9961340e-01   1.2529533e+00
   4.9950550e-01   1.1853501e+00
   4.9938146e-01   1.1244614e+00
   4.9923887e-01   1.0686300e+00
   4.9907499e-01   1.0167062e+00
   4.9888669e-01   9.6785648e-01
   4.9867038e-01   9.2145359e-01
   4.9842197e-01   8.7700953e-01
   4.9813678e-01   8.3413274e-01
   4.9780950e-01   7.9249996e-01
   4.9743408e-01   7.5183705e-01
   4.9700364e-01   7.1190583e-01
   4.9651041e-01   6.7249497e-01
   4.9594561e-01   6.3341419e-01
   4.9529932e-01   5.9449101e-01
   4.9456042e-01   5.5557018e-01
   4.9371648e-01   5.1651571e-01
   4.9275364e-01   4.7721570e-01
   4.9165655e-01   4.3759006e-01
   4.9040831e-01   3.9760077e-01
   4.8899044e-01   3.5726407e-01
   4.8738291e-01   3.1666306e-01
   4.8556425e-01   2.7595859e-01
   4.8351166e-01   2.3539577e-01
   4.8120136e-01   1.9530321e-01
   4.7860891e-01   1.5608291e-01
   4.7570982e-01   1.1818999e-01
   4.7248024e-01   8.2103390e-02
   4.6889781e-01   4.8291072e-02
   4.6494275e-01   1.7174329e-02
   4.6059902e-01  -1.0903468e-02
   4.5585571e-01  -3.5699585e-02
   4.5070835e-01  -5.7083872e-02
   4.4516027e-01  -7.5039901e-02
   4.3922381e-01  -8.9656972e-02
   4.3292120e-01  -1.0111549e-01
   4.2628511e-01  -1.0966831e-01
   4.1935856e-01  -1.1562005e-01
   4.1219434e-01  -1.1930688e-01
   4.0485369e-01  -1.2107259e-01
   3.9740439e-01  -1.2123994e-01
   3.8991224e-01  -1.2017548e-01
   3.8241393e-01  -1.1821950e-01
   3.7491562e-01  -1.1555857e-01
   3.6741730e-01  -1.1234961e-01
   3.5991899e-01  -1.0872493e-01
   3.5242068e-01  -1.0478976e-01
   3.4492237e-01  -1.0062765e-01
   3.3742405e-01  -9.6304912e-02
   3.2992574e-01  -9.1874191e-02
   3.2242743e-01  -8.7377202e-02
   3.1492911e-01  -8.2846907e-02
   3.0743080e-01  -7.8309224e-02
   2.9993249e-01  -7.3784392e-02
   2.9243418e-01  -6.9288052e-02
   2.8493586e-01  -6.4832124e-02
   2.7743755e-01  -6.0425506e-02
   2.6993924e-01  -5.6074644e-02
   2.6244093e-01  -5.1783995e-02
   2.5494261e-01  -4.7556398e-02
   2.4744430e-01  -4.3393386e-02
   2.3994599e-01  -3.9295431e-02
   2.3244768e-01  -3.5262154e-02
   2.2494936e-01  -3.1292485e-02
   2.1745105e-01  -2.7384807e-02
   2.0995274e-01  -2.3537064e-02
   2.0245443e-01  -1.9746853e-02
   1.9495611e-01  -1.6011500e-02
   1.8745780e-01  -1.2328117e-02
   1.7995949e-01  -8.6936556e-03
   1.7246117e-01  -5.1049419e-03
   1.6496286e-01  -1.5587107e-03
   1.5746455e-01   1.9483710e-03
   1.4996624e-01   5.4196848e-03
   1.4246792e-01   8.8586462e-03
   1.3496961e-01   1.2268694e-02
   1.2747130e-01   1.5653283e-02
   1.1997299e-01   1.9015881e-02
   1.1247467e-01   2.2359962e-02
   1.0497636e-01   2.5689013e-02
   9.7478048e-02   2.9006528e-02
   8.9979736e-02   3.2316019e-02
   8.2481423e-02   3.5621014e-02
   7.4983110e-02   3.8925065e-02
   6.7484798e-02   4.2231758e-02
   5.9986485e-02   4.5544716e-02
   5.2488173e-02   4.8867610e-02
   4.4989860e-02   5.2204172e-02
   3.7491547e-02   5.5558200e-02
   2.9993235e-02   5.8933577e-02
   2.2494922e-02   6.2334277e-02
   1.4996609e-02   6.5764387e-02
   7.4982967e-03   6.9228114e-02
  -1.5895382e-08   7.2729809e-02
  -7.4983285e-03   7.6273982e-02
  -1.4996641e-02   7.9865319e-02
  -2.2494954e-02   8.3508707e-02
  -2.9993266e-02   8.7209255e-02
  -3.7491579e-02   9.0972317e-02
  -4.4989892e-02   9.4803520e-02
  -5.2488204e-02   9.8708790e-02
  -5.9986517e-02   1.0269438e-01
  -6.7484830e-02   1.0676692e-01
  -7.4983142e-02   1.1093342e-01
  -8.2481455e-02   1.1520133e-01
  -8.9979768e-02   1.1957858e-01
  -9.7478080e-02   1.2407361e-01
  -1.0497639e-01   1.2869542e-01
  -1.1247471e-01   1.3345362e-01
  -1.1997302e-01   1.3835851e-01
  -1.2747133e-01   1.4342107e-01
  -1.3496964e-01   1.4865309e-01
  -1.4246796e-01   1.5406720e-01
  -1.4996627e-01   1.5967694e-01
  -1.5746458e-01   1.6549688e-01
  -1.6496289e-01   1.7154265e-01
  -1.7246121e-01   1.7783109e-01
  -1.7995952e-01   1.8438036e-01
  -1.8745783e-01   1.9121004e-01
  -1.9495614e-01   1.9834133e-01
  -2.0245446e-01   2.0579720e-01
  -2.0995277e-01   2.1360264e-01
  -2.1745108e-01   2.2178487e-01
  -2.2494939e-01   2.3037371e-01
  -2.3244771e-01   2.3940193e-01
  -2.3994602e-01   2.4890573e-01
  -2.4744433e-01   2.5892526e-01
  -2.5494265e-01   2.6950536e-01
  -2.6244096e-01   2.8069636e-01
  -2.6993927e-01   2.9255512e-01
  -2.7743758e-01   3.0514631e-01
  -2.8493590e-01   3.1854391e-01
  -2.9243421e-01   3.3283319e-01
  -2.9993252e-01   3.4811302e-01
  -3.0743083e-01   3.6449886e-01
  -3.1492915e-01   3.8212640e-01
  -3.2242746e-01   4.0115625e-01
  -3.2992577e-01   4.2177976e-01
  -3.3742408e-01   4.4422653e-01
  -3.4492240e-01   4.6877416e-01
  -3.5242071e-01   4.9576091e-01
  -3.5991902e-01   5.2560249e-01
  -3.6741734e-01   5.5881483e-01
  -3.7491565e-01   5.9604525e-01
  -3.8241396e-01   6.3811699e-01
  -3.8991227e-01   6.8608183e-01
  -3.9740442e-01   7.4122396e-01
  -4.0485372e-01   8.0499411e-01
  -4.1219438e-01   8.7889308e-01
  -4.1935860e-01   9.6462731e-01
  -4.2628514e-01   1.0641919e+00
  -4.3292123e-01   1.1799146e+00
  -4.3922384e-01   1.3145119e+00
  -4.4516030e-01   1.4711581e+00
  -4.5070838e-01   1.6535696e+00
  -4.5585574e-01   1.8661081e+00
  -4.6059905e-01   2.1139020e+00
  -4.6494277e-01   2.4029871e+00
  -4.6889784e-01   2.7404594e+00
  -4.7248026e-01   3.1346272e+00
  -4.7570984e-01   3.5951349e+00
  -4.7860893e-01   4.1330008e+00
  -4.8120137e-01   4.7604660e+00
  -4.8351168e-01   5.4904788e+00
  -4.8556427e-01   6.3355526e+00
  -4.8738293e-01   7.3056431e+00
  -4.8899045e-01   8.4046697e+00
  -4.9040832e-01   9.6254287e+00
  -4.9165656e-01   1.0943020e+01
  -4.9275365e-01   1.2307539e+01
  -4.9371649e-01   1.3637529e+01
  -4.9456043e-01   1.4816086e+01
  -4.9529932e-01   1.5691169e+01
  -4.9594561e-01   1.6080237e+01
  -4.9651042e-01   1.5777346e+01
  -4.9700365e-01   1.4559053e+01
  -4.9743408e-01   1.2184849e+01
  -4.9780951e-01   8.3884109e+00
  -4.9813679e-01   2.8570042e+00
  -4.9842197e-01  -4.8033597e+00
  -4.9867038e-01  -1.5121045e+01
  -4.9888669e-01  -2.8838923e+01
  -4.9907499e-01  -4.7039867e+01
  -4.9923887e-01  -7.1355181e+01
  -4.9938146e-01  -1.0433464e+02
  -4.9950550e-01  -1.5015300e+02
  -4.9961340e-01  -2.1607794e+02
  -4.9970723e-01  -3.1586178e+02
  -4.9978883e-01  -4.7878429e+02
  -4.9985977e-01  -7.7927553e+02
  -4.9992145e-01  -1.4795616e+03
  -4.9997507e-01  -5.2591118e+03
